Longitude	Latitude	Vs30(Wills2015)	Vs30(Wills2006)	Z2.5(km)(CVM4i26) Z1.0(km)(CVM4i26)
-119.336999976	34.1500010364	NaN	NaN	4.6	0.0
-119.289458115	34.1283572771	NaN	NaN	0.0	0.0
-119.241939758	34.1066940424	NaN	NaN	0.0	0.0
-119.194444913	34.0850113761	NaN	NaN	0.0	0.0
-119.146973585	34.063309322	NaN	NaN	0.0	0.0
-119.099525778	34.041587924	NaN	NaN	0.6	0.0
-119.052101499	34.019847226	NaN	NaN	1.1	0.0
-119.004700752	33.9980872718	NaN	NaN	1.05	0.0
-118.957323543	33.9763081053	NaN	NaN	1.15	0.0
-118.909969877	33.9545097704	NaN	NaN	1.45	0.0
-118.86263942	33.9326923162	NaN	NaN	1.9	0.0
-118.815332853	33.9108557762	NaN	NaN	2.1	0.0
-118.768049843	33.8890001996	NaN	NaN	1.8	0.0
-118.720790395	33.8671256304	NaN	NaN	1.35	0.0
-118.673554511	33.8452321126	NaN	NaN	1.1	0.0
-118.626342198	33.8233196901	NaN	NaN	1.1	0.0
-118.579153458	33.801388407	NaN	NaN	1.15	0.0
-118.531988297	33.7794383072	NaN	NaN	1.2	0.0
-118.484846717	33.7574694348	NaN	NaN	1.4	0.0
-118.437728722	33.7354818338	NaN	NaN	1.6	0.0
-118.390634316	33.7134755483	NaN	NaN	1.7	0.0
-118.343563503	33.6914506223	NaN	NaN	1.5	0.0
-118.296516285	33.6694071	NaN	NaN	1.3	0.0
-118.24949233	33.6473450287	NaN	NaN	1.9	0.4
-118.202492314	33.6252644457	NaN	NaN	2.4	0.5
-118.155515903	33.6031653985	NaN	NaN	2.9	0.7
-118.1085631	33.5810479314	NaN	NaN	3.45	1.25
-118.061633908	33.5589120884	NaN	NaN	3.6	1.4
-118.01472833	33.5367579137	NaN	NaN	2.8	0.0
-117.967846367	33.5145854513	NaN	NaN	2.3	0.0
-117.920988023	33.4923947456	NaN	NaN	1.75	0.0
-117.8741533	33.4701858406	NaN	NaN	1.4	0.0
-117.827342199	33.4479587805	NaN	NaN	1.2	0.0
-117.780554724	33.4257136095	NaN	NaN	1.1	0.0
-117.733790875	33.4034503717	NaN	NaN	1.15	0.0
-117.687050655	33.3811691115	NaN	NaN	1.35	0.0
-117.640334066	33.358869873	NaN	NaN	1.5	0.0
-117.593641108	33.3365527004	NaN	NaN	1.5	0.0
-117.546971785	33.314217638	NaN	NaN	1.45	0.0
-117.500326096	33.2918647299	NaN	NaN	1.2	0.0
-119.310966774	34.1895354099	NaN	NaN	4.8	1.5
-119.263408189	34.1678823141	NaN	NaN	4.4	0.9
-119.215873173	34.1462097316	228.2	NaN	3.65	0.7
-119.168361732	34.1245177061	228.2	280.0	3.25	0.75
-119.120873871	34.1028062817	176.1	280.0	2.7	0.95
-119.073409595	34.0810755023	NaN	NaN	3.05	0.35
-119.02596891	34.0593254116	NaN	NaN	3.1	0.35
-118.978551822	34.0375560537	NaN	NaN	2.8	0.35
-118.931158334	34.0157674726	NaN	NaN	0.0	0.0
-118.883788453	33.9939597122	NaN	NaN	0.8	0.0
-118.836441844	33.9721328215	NaN	NaN	1.45	0.0
-118.789119188	33.9502868343	NaN	NaN	1.85	0.0
-118.741820153	33.9284217997	NaN	NaN	1.6	0.0
-118.694544742	33.9065377619	NaN	NaN	1.25	0.0
-118.64729296	33.8846347647	NaN	NaN	1.2	0.0
-118.600064768	33.8627105985	NaN	NaN	1.2	0.0
-118.552860257	33.8407698149	NaN	NaN	1.15	0.0
-118.505679386	33.8188102042	NaN	NaN	1.1	0.0
-118.458522159	33.7968318106	NaN	NaN	1.3	0.0
-118.411388581	33.774834678	386.6	390.0	1.4	0.0
-118.364278655	33.7528188505	385.1	390.0	1.5	0.0
-118.317192384	33.7307843724	386.6	390.0	1.6	0.0
-118.270129771	33.7087312878	NaN	NaN	1.7	0.35
-118.223090483	33.686659644	NaN	NaN	2.1	0.85
-118.176075197	33.6645694785	NaN	NaN	2.85	0.85
-118.129083578	33.6424608389	NaN	NaN	3.15	1.0
-118.08211563	33.6203337694	NaN	NaN	3.15	1.05
-118.035171355	33.5981883141	NaN	NaN	3.4	1.1
-117.988250756	33.5760245173	NaN	NaN	3.1	0.65
-117.941353835	33.5538424231	NaN	NaN	2.4	0.0
-117.894480595	33.5316420757	NaN	NaN	1.9	0.0
-117.847631038	33.5094235195	NaN	NaN	1.6	0.0
-117.800805165	33.4871867986	NaN	NaN	1.45	0.0
-117.75400298	33.4649319572	NaN	NaN	1.4	0.0
-117.707224483	33.4426590396	NaN	NaN	1.5	0.0
-117.660469677	33.4203680901	NaN	NaN	1.55	0.0
-117.613738564	33.3980591529	NaN	NaN	2.0	0.0
-117.567031144	33.3757322724	386.6	387.0	1.45	0.0
-117.520347419	33.3533874927	468.4	390.0	1.1	0.0
-117.473687391	33.3310248582	468.4	390.0	0.0	0.0
-119.284909948	34.229062758	NaN	NaN	6.15	1.15
-119.237334634	34.2074003001	293.5	280.0	4.35	0.75
-119.189782954	34.1857183442	228.2	280.0	3.7	0.55
-119.142254913	34.1640169341	228.2	280.0	2.6	0.55
-119.094750515	34.1422961138	228.2	280.0	2.45	0.7
-119.047269766	34.1205559273	385.1	390.0	2.2	0.35
-118.999812672	34.0987964186	518.9	515.0	1.9	0.35
-118.952379238	34.0770176317	385.1	390.0	2.35	0.35
-118.904969468	34.0552196105	385.1	515.0	2.2	0.35
-118.857583368	34.0334023991	NaN	NaN	0.0	0.0
-118.810220604	34.0115660465	385.1	390.0	0.9	0.0
-118.762881857	33.9897105866	NaN	NaN	1.2	0.0
-118.715566793	33.9678360688	NaN	NaN	1.15	0.0
-118.668275416	33.9459425369	NaN	NaN	1.25	0.0
-118.621007732	33.9240300352	NaN	NaN	1.2	0.0
-118.573763743	33.9020986076	NaN	NaN	1.1	0.0
-118.526543455	33.8801482985	NaN	NaN	1.05	0.55
-118.47934687	33.8581791518	NaN	NaN	0.9	0.35
-118.432173992	33.8361912116	NaN	NaN	1.7	0.55
-118.385024826	33.8141845223	386.6	387.0	1.75	0.6
-118.337899375	33.7921591279	351.9	387.0	2.1	0.65
-118.290797641	33.7701150725	386.6	387.0	2.3	0.75
-118.243719629	33.7480524005	225.6	NaN	2.45	0.95
-118.196665003	33.7259711592	NaN	NaN	2.95	0.9
-118.149634443	33.7038713862	NaN	NaN	3.1	0.85
-118.102627612	33.6817531292	NaN	NaN	3.3	0.8
-118.055644515	33.6596164323	NaN	NaN	3.4	0.7
-118.008685154	33.6374613397	NaN	NaN	3.5	0.8
-117.96174953	33.6152878958	NaN	NaN	3.4	0.35
-117.914837647	33.5930961448	NaN	NaN	3.1	0.35
-117.867949508	33.570886131	NaN	NaN	1.9	0.0
-117.821085113	33.5486578986	NaN	NaN	1.7	0.0
-117.774244465	33.526411492	NaN	NaN	1.65	0.0
-117.727427567	33.5041469553	468.4	390.0	1.7	0.0
-117.680634419	33.4818643331	351.9	349.0	1.9	0.0
-117.633865024	33.4595636695	385.1	390.0	2.2	0.0
-117.587119383	33.4372450088	385.1	390.0	3.65	0.0
-117.540397498	33.4149083955	385.1	515.0	1.45	0.0
-117.49369937	33.3925538738	468.4	515.0	0.0	0.0
-117.447025	33.3701814881	386.6	515.0	0.0	0.0
-119.258829555	34.2685875614	293.5	280.0	6.1	0.85
-119.211237506	34.246915716	293.5	280.0	6.55	0.65
-119.163669155	34.2252243613	228.2	280.0	3.65	0.55
-119.116124506	34.2035135412	228.2	280.0	2.45	0.55
-119.068603565	34.1817832997	228.2	349.0	3.2	0.35
-119.021106337	34.1600336808	518.9	515.0	2.45	0.15
-118.973632828	34.1382647287	385.1	390.0	1.75	0.15
-118.926183041	34.1164764873	518.9	515.0	0.35	0.15
-118.878756983	34.0946690007	518.9	515.0	0.35	0.15
-118.831354658	34.072842313	468.4	515.0	0.35	0.35
-118.783975733	34.0509964733	385.1	390.0	0.0	0.0
-118.736620888	34.0291315156	NaN	NaN	0.0	0.0
-118.68928979	34.0072474891	NaN	NaN	0.6	0.0
-118.641982443	33.985344438	NaN	NaN	0.75	0.0
-118.594698851	33.9634224064	NaN	NaN	0.85	0.0
-118.547439018	33.9414814386	NaN	NaN	1.85	1.0
-118.500202948	33.9195215785	NaN	NaN	1.85	1.05
-118.452990646	33.8975428705	NaN	NaN	1.85	1.05
-118.405802113	33.8755453588	351.9	387.0	2.2	0.95
-118.358637356	33.8535290875	386.6	387.0	2.45	0.9
-118.311496375	33.8314941009	386.6	387.0	3.0	0.8
-118.264379176	33.8094404432	386.6	387.0	3.35	0.75
-118.217285761	33.7873681587	228.2	236.0	3.4	0.7
-118.170215796	33.7652772948	386.6	387.0	3.7	0.7
-118.123169958	33.7431678892	NaN	NaN	3.85	0.65
-118.076147913	33.7210399896	293.5	280.0	3.1	0.65
-118.029149664	33.6988936402	176.1	280.0	3.5	0.6
-117.982175213	33.6767288854	228.2	280.0	3.85	0.55
-117.935224563	33.6545457694	386.6	387.0	3.85	0.35
-117.888297716	33.6323443366	NaN	NaN	3.25	0.35
-117.841394674	33.6101246313	385.1	390.0	2.0	0.0
-117.79451544	33.5878866978	468.4	390.0	1.9	0.0
-117.747660015	33.5656305805	468.4	390.0	1.95	0.0
-117.700828402	33.5433563238	385.1	390.0	2.05	0.0
-117.654020602	33.5210639719	385.1	390.0	2.2	0.0
-117.607236616	33.4987535693	385.1	390.0	2.5	0.0
-117.560476447	33.4764251603	386.6	515.0	3.65	0.0
-117.513740095	33.4540787894	502.5	540.0	1.05	0.0
-117.467027562	33.4317145009	351.9	540.0	0.0	0.0
-117.42033885	33.4093323392	518.9	748.0	0.0	0.0
-119.23272541	34.3081052896	385.1	390.0	5.95	0.35
-119.185116623	34.2864240311	351.9	390.0	7.15	0.8
-119.137531596	34.264723252	228.2	280.0	2.45	0.4
-119.089970336	34.2430029963	386.6	390.0	2.25	0.35
-119.042432848	34.221263308	293.5	387.0	3.25	0.55
-118.994919136	34.1995042312	518.9	515.0	3.25	0.35
-118.947429207	34.1777258102	386.6	349.0	0.35	0.35
-118.899963065	34.1559280888	351.9	349.0	0.35	0.35
-118.852520715	34.1341111114	351.9	515.0	0.35	0.35
-118.805102162	34.112274922	518.9	515.0	0.35	0.15
-118.757707072	34.0904195696	468.4	390.0	0.0	0.0
-118.710336127	34.0685450886	468.4	390.0	0.0	0.0
-118.662988991	34.0466515282	468.4	390.0	0.0	0.0
-118.61566567	34.0247389324	NaN	NaN	0.0	0.0
-118.568366168	34.0028073457	NaN	NaN	2.15	0.9
-118.521090488	33.9808568121	NaN	NaN	1.85	0.75
-118.473838635	33.9588873759	NaN	NaN	1.85	0.8
-118.426610612	33.9368990813	386.6	387.0	3.4	0.8
-118.379406423	33.9148919727	386.6	387.0	3.75	0.75
-118.332226072	33.8928660942	386.6	387.0	3.85	0.6
-118.285069561	33.8708214902	386.6	387.0	4.0	0.6
-118.237936894	33.8487582049	351.9	387.0	3.95	0.6
-118.190828074	33.8266762826	386.6	387.0	4.3	0.65
-118.143742767	33.8045757709	386.6	387.0	3.05	0.65
-118.09668165	33.7824567076	228.2	280.0	3.2	0.65
-118.04964439	33.7603191403	228.2	280.0	3.55	0.65
-118.002630987	33.7381631134	228.2	280.0	4.2	0.65
-117.955641446	33.7159886712	228.2	280.0	4.45	0.55
-117.908675768	33.693795858	293.5	280.0	4.15	0.45
-117.861733956	33.6715847184	386.6	387.0	2.85	0.35
-117.814816012	33.6493552966	468.4	390.0	2.1	0.0
-117.767921937	33.627107637	468.4	609.0	2.0	0.0
-117.721051735	33.604841784	385.1	390.0	2.1	0.0
-117.674205406	33.5825577822	385.1	390.0	2.0	0.0
-117.627382952	33.5602556757	385.1	390.0	1.6	0.0
-117.580584376	33.5379355092	468.4	515.0	1.2	0.0
-117.533809678	33.515597327	502.5	540.0	0.0	0.0
-117.487058859	33.4932411736	502.5	540.0	0.0	0.0
-117.440331922	33.4708670934	518.9	748.0	0.0	0.0
-117.393628867	33.4484751309	710.1	748.0	0.0	0.0
-119.20659757	34.3476204235	385.1	390.0	4.75	0.35
-119.158972036	34.3259297264	385.1	455.0	6.35	0.65
-119.111370328	34.3042194974	293.5	280.0	6.3	0.35
-119.063792449	34.2824897806	386.6	390.0	5.2	0.35
-119.016238407	34.2607406202	444.0	455.0	2.5	0.35
-118.968708206	34.2389720601	386.6	387.0	3.15	0.35
-118.921201851	34.2171841447	518.9	515.0	2.65	0.35
-118.873719348	34.1953769181	386.6	349.0	0.35	0.35
-118.8262607	34.1735504244	385.1	390.0	0.35	0.35
-118.778825913	34.1517047079	518.9	515.0	2.25	0.35
-118.731414652	34.1298398176	385.1	390.0	1.85	0.15
-118.6840276	34.107955788	518.9	390.0	1.0	0.1
-118.636664422	34.0860526683	468.4	515.0	0.35	0.35
-118.589325122	34.0641305027	502.5	748.0	0.0	0.0
-118.542009704	34.0421893354	386.6	390.0	3.0	0.35
-118.494718173	34.0202292109	386.6	387.0	2.95	0.65
-118.447450531	33.9982501733	293.5	280.0	4.55	0.6
-118.400206783	33.9762522669	386.6	387.0	4.65	0.6
-118.352986932	33.9542355362	386.6	387.0	4.25	0.6
-118.305790982	33.9322000253	386.6	387.0	3.4	0.6
-118.258618936	33.9101457787	386.6	387.0	3.6	0.65
-118.211470797	33.8880728407	228.2	280.0	4.25	0.75
-118.164346568	33.8659812556	228.2	280.0	4.5	0.8
-118.117245915	33.843871071	228.2	280.0	4.6	0.8
-118.070169516	33.8217423248	228.2	280.0	4.55	0.8
-118.023117035	33.7995950648	228.2	280.0	4.75	0.8
-117.976088476	33.7774293352	228.2	280.0	4.8	0.7
-117.929083841	33.7552451806	228.2	280.0	4.9	0.6
-117.882103131	33.7330426453	293.5	280.0	4.65	0.45
-117.835146351	33.7108217738	228.2	280.0	2.05	0.35
-117.7882135	33.6885826105	293.5	280.0	1.8	0.35
-117.741304582	33.6663251999	293.5	280.0	1.5	0.0
-117.694419599	33.6440495864	386.6	390.0	1.5	0.0
-117.647558552	33.6217558144	385.1	390.0	1.45	0.0
-117.600721442	33.5994439286	468.4	515.0	1.05	0.0
-117.553908272	33.5771139732	502.5	748.0	0.0	0.0
-117.507119043	33.554765993	502.5	540.0	0.0	0.0
-117.460353756	33.5324000322	518.9	748.0	0.0	0.0
-117.413612411	33.5100161355	710.1	748.0	0.0	0.0
-117.366895012	33.4876143474	351.9	748.0	0.0	0.0
-119.180445852	34.3871284322	385.1	390.0	3.15	0.35
-119.132803567	34.365428271	385.1	390.0	5.15	0.35
-119.085185172	34.3437085665	293.5	280.0	6.6	1.0
-119.037590672	34.321969363	385.1	390.0	1.25	0.35
-118.990020072	34.3002107047	444.0	455.0	2.55	0.35
-118.942473377	34.2784326358	444.0	349.0	3.15	0.35
-118.894950593	34.2566352005	444.0	455.0	3.1	0.35
-118.847451724	34.234818443	468.4	390.0	1.0	0.35
-118.799976775	34.2129824076	502.5	540.0	0.35	0.35
-118.752525751	34.1911271386	502.5	390.0	2.9	0.05
-118.705098317	34.1692526848	385.1	390.0	2.65	0.1
-118.657695155	34.1473590812	385.1	390.0	2.3	0.1
-118.610315931	34.1254463767	385.1	390.0	1.75	0.1
-118.56296065	34.1035146158	468.4	748.0	0.35	0.15
-118.515629314	34.0815638427	710.1	748.0	0.35	0.15
-118.468321928	34.0595941018	386.6	387.0	0.45	0.35
-118.421038495	34.0376054374	293.5	387.0	4.5	0.65
-118.37377902	34.015597894	444.0	280.0	3.95	0.6
-118.326543505	33.9935715158	386.6	280.0	4.45	0.7
-118.279331954	33.9715263473	293.5	280.0	5.35	0.85
-118.232144371	33.9494624328	228.2	280.0	5.7	0.9
-118.184980758	33.9273798168	228.2	280.0	5.6	0.9
-118.137841119	33.9052785437	228.2	280.0	5.35	0.9
-118.090725118	33.8831586609	228.2	280.0	4.65	0.8
-118.043633435	33.8610202067	228.2	280.0	4.55	0.8
-117.996565733	33.8388632287	228.2	280.0	3.7	0.7
-117.949522015	33.8166877714	228.2	280.0	4.15	0.65
-117.902502285	33.7944938792	228.2	280.0	3.05	0.5
-117.855506543	33.7722815967	293.5	280.0	3.5	0.35
-117.808534793	33.7500509682	293.5	280.0	1.85	0.35
-117.761587036	33.7278020384	351.9	280.0	1.45	0.0
-117.714663274	33.7055348516	502.5	540.0	1.15	0.0
-117.667763509	33.6832494525	468.4	390.0	1.15	0.0
-117.620887743	33.6609458855	468.4	390.0	1.05	0.0
-117.574035977	33.6386241952	468.4	387.0	0.35	0.0
-117.527208214	33.6162844262	502.5	748.0	0.0	0.0
-117.480404453	33.5939266229	710.1	748.0	0.0	0.0
-117.433624696	33.5715508299	710.1	748.0	0.0	0.0
-117.386868946	33.5491570918	710.1	748.0	0.0	0.0
-117.340137201	33.5267454532	710.1	748.0	0.0	0.0
-119.154270307	34.4266337968	385.1	390.0	1.7	0.4
-119.106611265	34.4049241458	351.9	390.0	4.0	0.35
-119.058976177	34.3831949403	385.1	390.0	6.05	0.45
-119.011365048	34.3614462247	293.5	280.0	6.3	1.1
-118.963777884	34.3396780431	385.1	390.0	1.6	0.35
-118.91621469	34.3178904399	386.6	390.0	2.85	0.35
-118.86867547	34.2960834592	444.0	390.0	3.25	0.35
-118.82116023	34.2742571455	518.9	515.0	2.05	0.35
-118.773668974	34.2524115429	351.9	387.0	0.95	0.35
-118.726201706	34.2305466959	468.4	515.0	0.35	0.35
-118.678758093	34.2086626534	502.5	540.0	0.35	0.05
-118.631338816	34.1867594503	293.5	280.0	2.6	0.25
-118.583943542	34.1648371358	385.1	280.0	2.1	0.25
-118.536572273	34.1428957542	502.5	390.0	0.5	0.1
-118.489225013	34.12093535	710.1	748.0	0.35	0.35
-118.441901768	34.0989559675	710.1	748.0	0.35	0.1
-118.394602539	34.0769576511	351.9	280.0	5.05	0.35
-118.347327332	34.0549404452	386.6	387.0	2.35	0.35
-118.300076148	34.0329043944	293.5	280.0	2.45	0.4
-118.252848993	34.010849543	293.5	280.0	4.4	0.6
-118.205645868	33.9887759355	293.5	280.0	5.05	0.75
-118.158466777	33.9666836163	228.2	280.0	4.95	0.8
-118.111311723	33.9445726299	228.2	280.0	4.25	0.75
-118.064180371	33.9224430238	386.6	390.0	3.65	0.7
-118.017073399	33.9002948365	386.6	387.0	3.1	0.65
-117.969990472	33.8781281155	351.9	387.0	3.2	0.65
-117.922931593	33.8559429053	228.2	280.0	4.5	0.65
-117.875896763	33.8337392505	293.5	280.0	3.55	0.5
-117.828885986	33.8115171957	293.5	280.0	2.1	0.35
-117.781899263	33.7892767852	518.9	387.0	1.8	0.0
-117.734936596	33.7670180638	385.1	390.0	1.35	0.0
-117.687997987	33.744741076	468.4	515.0	1.05	0.0
-117.641083438	33.7224458663	502.5	540.0	0.85	0.0
-117.59419295	33.7001324793	710.1	748.0	0.8	0.0
-117.547326526	33.6778009596	518.9	748.0	0.0	0.0
-117.500484165	33.6554513519	710.1	748.0	0.0	0.0
-117.453665871	33.6330837006	710.1	748.0	0.0	0.0
-117.406871643	33.6106980506	710.1	748.0	0.0	0.0
-117.360101483	33.5882944462	710.1	748.0	0.0	0.0
-117.313355392	33.5658729322	710.1	748.0	0.0	0.0
-119.128070757	34.4661319862	385.1	515.0	1.75	0.15
-119.080394953	34.4444128197	385.1	515.0	4.0	0.15
-119.032743168	34.4226740877	386.6	390.0	4.45	0.15
-118.985115407	34.4009158342	351.9	387.0	6.2	0.9
-118.937511675	34.3791381037	293.5	390.0	6.05	1.05
-118.889931977	34.3573409405	385.1	390.0	1.2	0.35
-118.842376318	34.335524389	385.1	390.0	2.15	0.35
-118.794844703	34.3136884934	468.4	515.0	2.0	0.35
-118.747337136	34.2918332981	468.4	515.0	1.35	0.35
-118.699853622	34.2699588476	385.1	515.0	0.9	0.35
-118.652393827	34.2480651908	502.5	540.0	0.35	0.05
-118.604958772	34.2261523583	293.5	280.0	2.55	0.1
-118.557547104	34.2042204127	293.5	280.0	2.55	0.25
-118.510159845	34.182269385	293.5	280.0	1.85	0.25
-118.46279666	34.1602993242	293.5	280.0	1.65	0.4
-118.415457552	34.1383102746	385.1	390.0	1.0	0.25
-118.368142526	34.1163022808	710.1	515.0	5.1	0.35
-118.320851584	34.0942753872	293.5	280.0	2.05	0.35
-118.27358473	34.0722296383	385.1	390.0	2.0	0.35
-118.226341967	34.0501650787	351.9	280.0	2.25	0.35
-118.179123299	34.0280817528	386.6	387.0	2.45	0.45
-118.131928728	34.0059797052	386.6	387.0	2.9	0.55
-118.084758258	33.9838589803	228.2	280.0	3.7	0.6
-118.037611553	33.9617196257	351.9	349.0	3.65	0.6
-117.990489291	33.93956168	386.6	387.0	3.6	0.6
-117.943391138	33.9173851907	351.9	349.0	3.65	0.6
-117.896317096	33.8951902025	385.1	387.0	3.95	0.55
-117.849267167	33.8729767599	386.6	387.0	2.45	0.45
-117.802241353	33.8507449075	351.9	354.0	2.25	0.35
-117.755239656	33.82849469	385.1	390.0	1.75	0.0
-117.708262079	33.8062261519	468.4	515.0	1.45	0.0
-117.661308622	33.7839393379	502.5	540.0	1.15	0.0
-117.614379288	33.7616342925	351.9	748.0	1.1	0.0
-117.567474079	33.7393110605	710.1	748.0	1.05	0.0
-117.520592995	33.7169696865	710.1	748.0	0.65	0.0
-117.473736039	33.6946102151	710.1	748.0	0.0	0.0
-117.42690321	33.672232691	710.1	748.0	0.0	0.0
-117.380094511	33.6498371588	386.6	748.0	0.0	0.0
-117.333309943	33.6274236633	386.6	387.0	0.0	0.0
-117.286549505	33.6049922491	293.5	387.0	0.0	0.0
-119.10184725	34.5056274814	385.1	515.0	0.35	0.15
-119.054154678	34.4838987739	385.1	515.0	0.35	0.15
-119.006486189	34.4621504896	468.4	515.0	4.0	0.1
-118.958841789	34.4403826728	468.4	390.0	6.05	0.1
-118.911221483	34.4185953679	385.1	390.0	6.1	0.55
-118.863625275	34.3967886193	351.9	280.0	6.1	1.2
-118.816053171	34.3749624713	468.4	390.0	1.15	0.35
-118.768505175	34.3531169684	351.9	390.0	1.6	0.35
-118.720981292	34.331252155	444.0	390.0	1.7	0.35
-118.673481527	34.3093680755	385.1	515.0	0.75	0.35
-118.626005883	34.2874647745	502.5	540.0	0.35	0.05
-118.578554365	34.2655422963	386.6	455.0	2.75	0.05
-118.531126638	34.2436006897	386.6	280.0	2.95	0.35
-118.483723384	34.2216399906	293.5	280.0	3.1	0.35
-118.436344268	34.1996602478	293.5	280.0	2.5	0.35
-118.388989293	34.1776615058	293.5	280.0	1.2	0.35
-118.341658464	34.1556438093	293.5	280.0	1.0	0.45
-118.294351783	34.1336072026	518.9	390.0	0.35	0.1
-118.247069254	34.1115517305	386.6	280.0	1.25	0.3
-118.19981088	34.0894774373	385.1	390.0	2.0	0.35
-118.152576664	34.0673843678	386.6	387.0	2.0	0.35
-118.105366609	34.0452725665	468.4	387.0	3.4	0.5
-118.058180718	34.0231420779	293.5	280.0	4.65	0.5
-118.011018656	34.0009929496	468.4	390.0	4.75	0.35
-117.963881102	33.9788252203	468.4	390.0	4.25	0.35
-117.916767719	33.9566389376	385.1	390.0	2.3	0.35
-117.86967851	33.9344341463	385.1	390.0	2.4	0.35
-117.822613478	33.9122108908	385.1	390.0	2.4	0.35
-117.775572624	33.8899692158	351.9	390.0	2.25	0.35
-117.72855595	33.8677091661	386.6	390.0	2.3	0.35
-117.681563459	33.8454307863	468.4	515.0	1.4	0.0
-117.634595152	33.8231341211	710.1	748.0	1.25	0.0
-117.587651031	33.8008192151	710.1	748.0	1.2	0.0
-117.540731097	33.778486113	710.1	748.0	1.15	0.0
-117.493835351	33.7561348596	386.6	349.0	0.7	0.0
-117.446963796	33.7337654996	386.6	387.0	0.0	0.0
-117.400116431	33.7113780776	351.9	349.0	0.0	0.0
-117.353293259	33.6889726385	351.9	349.0	0.0	0.0
-117.306494279	33.6665492269	351.9	748.0	0.0	0.0
-117.259719494	33.6441078875	710.1	748.0	0.0	0.0
-119.075599609	34.5451157512	385.1	515.0	3.0	0.35
-119.027890264	34.523377477	468.4	515.0	0.35	0.15
-118.980205068	34.5016196148	468.4	515.0	5.3	0.1
-118.932544025	34.479842209	468.4	515.0	6.15	0.05
-118.884907141	34.458045304	468.4	390.0	5.8	0.15
-118.83729442	34.4362289442	385.1	390.0	6.2	0.2
-118.789705867	34.4143931742	293.5	354.0	6.0	1.15
-118.742141487	34.3925380384	385.1	390.0	4.55	0.35
-118.694601285	34.3706635812	468.4	390.0	3.7	0.35
-118.647085264	34.3487698472	468.4	390.0	1.7	0.35
-118.59959343	34.326856881	385.1	390.0	0.55	0.35
-118.552125786	34.3049247269	385.1	390.0	2.5	0.1
-118.504681997	34.2829734338	351.9	280.0	3.55	0.35
-118.457262745	34.2610030377	386.6	349.0	2.55	0.35
-118.409867696	34.2390135875	293.5	280.0	2.45	0.35
-118.362496852	34.2170051277	293.5	280.0	1.3	0.35
-118.315150218	34.1949777029	351.9	280.0	0.75	0.65
-118.267827795	34.1729313578	351.9	280.0	0.5	0.15
-118.220529589	34.150866137	351.9	349.0	0.35	0.35
-118.173255602	34.128782085	386.6	390.0	1.2	0.35
-118.126005837	34.1066792465	386.6	387.0	1.8	0.15
-118.078780297	34.0845576662	293.5	280.0	2.15	0.3
-118.031578984	34.0624173886	228.2	280.0	3.95	0.4
-117.984401564	34.0402584612	228.2	349.0	4.2	0.35
-117.937248715	34.0180809231	468.4	390.0	2.45	0.2
-117.890120101	33.9958848218	293.5	349.0	1.85	0.25
-117.843015725	33.973670202	351.9	390.0	1.65	0.2
-117.795935588	33.9514371084	468.4	390.0	1.55	0.2
-117.748879694	33.9291855858	468.4	390.0	2.35	0.2
-117.701848043	33.9069156787	468.4	390.0	2.0	0.2
-117.654840638	33.884627432	351.9	354.0	1.55	0.35
-117.60785748	33.8623208904	386.6	387.0	0.75	0.0
-117.56089857	33.8399960987	351.9	387.0	2.65	0.55
-117.513963912	33.8176531015	386.6	387.0	0.85	0.35
-117.467053504	33.7952919437	385.1	515.0	0.0	0.0
-117.42016735	33.77291267	518.9	748.0	0.0	0.0
-117.37330545	33.7505153252	518.9	748.0	0.0	0.0
-117.326467804	33.7280999541	710.1	748.0	0.0	0.0
-117.279654414	33.7056666015	710.1	748.0	0.0	0.0
-117.232865281	33.6832153121	386.6	349.0	0.0	0.0
-119.04932788	34.5846012766	468.4	515.0	3.0	0.15
-119.001601757	34.5628534101	385.1	515.0	0.35	0.2
-118.953899846	34.5410859444	468.4	515.0	5.65	0.1
-118.906222154	34.5192989239	468.4	515.0	0.35	0.05
-118.858568686	34.4974923933	385.1	390.0	1.25	0.1
-118.810939445	34.4756663969	385.1	390.0	2.05	0.15
-118.763334438	34.4538209793	385.1	390.0	2.1	0.35
-118.715753669	34.431956185	385.1	390.0	3.3	0.35
-118.668197141	34.4100720586	351.9	354.0	4.4	0.35
-118.62066486	34.3881686446	385.1	390.0	3.6	0.35
-118.57315683	34.3662459877	385.1	390.0	2.85	0.35
-118.525673054	34.3443041323	468.4	390.0	1.0	0.35
-118.478213198	34.3223431273	351.9	349.0	4.55	0.15
-118.430777944	34.3003630088	386.6	349.0	2.8	0.35
-118.383366956	34.2783638257	351.9	349.0	1.35	0.1
-118.335980238	34.2563456228	468.4	390.0	0.35	0.15
-118.288617794	34.2343084445	710.1	748.0	0.35	0.05
-118.241279626	34.2122523356	351.9	349.0	0.35	0.1
-118.193965738	34.1901773407	710.1	748.0	0.35	0.05
-118.146676134	34.1680835046	386.6	387.0	0.75	0.1
-118.099410815	34.1459708718	386.6	387.0	1.5	0.2
-118.052169785	34.1238394872	293.5	280.0	1.95	0.25
-118.004953047	34.1016893954	351.9	280.0	3.05	0.35
-117.957760264	34.0795206437	293.5	280.0	3.0	0.4
-117.910592117	34.0573332716	386.6	387.0	2.35	0.25
-117.863448269	34.0351273265	468.4	390.0	1.65	0.15
-117.816328722	34.0129028531	468.4	390.0	1.1	0.15
-117.769233478	33.9906598963	385.1	390.0	1.15	0.2
-117.722162539	33.9683985007	385.1	390.0	1.8	0.2
-117.675115908	33.9461187112	468.4	390.0	1.85	0.2
-117.628093586	33.9238205726	386.6	387.0	3.25	0.2
-117.581095574	33.9015041296	444.0	387.0	0.35	0.15
-117.534121875	33.879169427	386.6	387.0	0.35	0.15
-117.487172488	33.8568165097	710.1	748.0	0.0	0.0
-117.440247417	33.8344454225	NaN	748.0	0.0	0.0
-117.393346662	33.8120562101	710.1	748.0	0.0	0.0
-117.346470223	33.7896489175	710.1	748.0	0.0	0.0
-117.299618102	33.7672235895	710.1	748.0	0.0	0.0
-117.2527903	33.7447802709	710.1	349.0	0.0	0.0
-117.205986817	33.7223190065	386.6	349.0	0.0	0.0
-119.023031889	34.6240795263	710.1	748.0	0.0	0.0
-118.975288982	34.6023220417	710.1	748.0	0.35	0.05
-118.927570354	34.5805449467	468.4	515.0	0.35	0.05
-118.879876009	34.5587482859	468.4	390.0	0.35	0.1
-118.832205953	34.5369321038	468.4	390.0	0.5	0.1
-118.784560189	34.5150964451	385.1	390.0	2.0	0.15
-118.736938724	34.4932413542	385.1	390.0	2.45	0.35
-118.689341562	34.4713668759	385.1	390.0	3.75	0.35
-118.641768706	34.4494730546	444.0	455.0	3.35	0.15
-118.594220161	34.427559935	351.9	354.0	4.1	0.45
-118.546695932	34.4056275618	293.5	354.0	2.1	0.5
-118.499196023	34.3836759796	351.9	455.0	2.1	0.35
-118.451720097	34.361705237	710.1	748.0	5.9	0.05
-118.404268837	34.3397153706	710.1	748.0	3.35	0.05
-118.356841909	34.3177064292	710.1	748.0	3.1	0.15
-118.309439315	34.2956784575	710.1	748.0	3.45	0.05
-118.262061059	34.2736315003	710.1	748.0	0.35	0.05
-118.214707144	34.2515656021	710.1	748.0	0.35	0.05
-118.167377573	34.2294808078	710.1	748.0	0.35	0.05
-118.120072349	34.2073771621	710.1	748.0	0.75	0.05
-118.072791475	34.1852547097	710.1	748.0	1.35	0.05
-118.025534954	34.1631134954	351.9	387.0	1.55	0.15
-117.978302789	34.140953564	351.9	387.0	1.8	0.2
-117.931094643	34.1187749628	293.5	387.0	2.05	0.2
-117.883911196	34.0965777313	293.5	280.0	1.7	0.25
-117.836752112	34.074361917	385.1	390.0	0.8	0.2
-117.789617394	34.0521275648	293.5	354.0	0.35	0.2
-117.742507042	34.0298747195	293.5	354.0	0.45	0.2
-117.695421059	34.0076034258	293.5	354.0	1.05	0.25
-117.648359447	33.9853137287	293.5	354.0	0.6	0.2
-117.601322207	33.9630056729	293.5	354.0	0.35	0.2
-117.554309341	33.9406793033	386.6	387.0	0.35	0.15
-117.507320851	33.9183346648	710.1	748.0	0.35	0.15
-117.460356738	33.8959718023	386.6	748.0	0.35	0.35
-117.413417002	33.8735907606	710.1	748.0	0.0	0.0
-117.366501646	33.8511915845	710.1	748.0	0.0	0.0
-117.319610669	33.8287743191	386.6	748.0	0.0	0.0
-117.272744074	33.8063390091	710.1	748.0	0.0	0.0
-117.22590186	33.7838856995	386.6	349.0	0.0	0.0
-117.179084028	33.7614144352	386.6	349.0	0.0	0.0
-118.996711678	34.6635549813	710.1	748.0	0.0	0.0
-118.948951982	34.6417878529	710.1	748.0	0.0	0.0
-118.90121663	34.620001103	710.1	748.0	0.35	0.05
-118.853505626	34.5981947762	468.4	515.0	0.35	0.05
-118.805818976	34.5763689172	385.1	515.0	0.35	0.05
-118.758156684	34.5545235705	385.1	515.0	0.35	0.1
-118.710518755	34.5326587808	385.1	390.0	0.35	0.15
-118.662905193	34.5107745928	468.4	390.0	0.35	0.35
-118.615316004	34.4888710511	293.5	354.0	1.75	0.35
-118.56775119	34.4669482004	444.0	455.0	2.05	0.15
-118.520210757	34.4450060854	444.0	455.0	2.05	0.15
-118.472694708	34.4230447508	293.5	354.0	2.05	0.35
-118.425202707	34.4010642453	468.4	515.0	1.6	0.15
-118.377735438	34.3790646055	710.1	748.0	0.35	0.05
-118.330292564	34.3570458804	710.1	748.0	0.35	0.05
-118.282874089	34.3350081146	710.1	748.0	0.35	0.05
-118.235480017	34.3129513529	710.1	748.0	0.35	0.05
-118.188110349	34.2908756401	710.1	748.0	0.35	0.05
-118.140765091	34.268781021	710.1	748.0	0.0	0.0
-118.093444243	34.2466675403	710.1	748.0	0.7	0.0
-118.046147811	34.224535243	710.1	748.0	1.05	0.0
-117.998875795	34.2023841737	710.1	748.0	1.3	0.05
-117.951628199	34.1802143774	710.1	748.0	1.3	0.05
-117.904404686	34.1580259013	710.1	748.0	2.05	0.05
-117.857205936	34.1358187853	351.9	349.0	1.3	0.2
-117.810031613	34.1135930767	518.9	387.0	0.85	0.25
-117.762881719	34.0913488204	293.5	349.0	0.55	0.2
-117.715756256	34.0690860614	293.5	354.0	0.8	0.2
-117.668655226	34.0468048444	293.5	354.0	0.5	0.2
-117.62157863	34.0245052145	293.5	354.0	0.45	0.2
-117.57452647	34.0021872165	293.5	354.0	0.35	0.2
-117.527498748	33.9798508952	386.6	387.0	0.35	0.15
-117.480495464	33.9574962957	386.6	387.0	0.35	0.15
-117.433516621	33.9351234628	386.6	387.0	0.35	0.15
-117.386562219	33.9127324415	386.6	387.0	0.35	0.35
-117.339632259	33.8903232767	710.1	748.0	0.0	0.0
-117.292726743	33.8678960134	710.1	748.0	0.0	0.0
-117.245845671	33.8454506965	386.6	349.0	0.0	0.0
-117.198989043	33.822987371	386.6	349.0	0.0	0.0
-117.152156861	33.8005060818	386.6	349.0	0.0	0.0
-118.970367076	34.70302311	710.1	748.0	0.0	0.0
-118.922590586	34.681246312	710.1	748.0	0.0	0.0
-118.874838505	34.6594498814	710.1	748.0	0.0	0.0
-118.827110839	34.6376338629	710.1	748.0	0.0	0.0
-118.779407591	34.6157983011	710.1	748.0	5.0	0.05
-118.731728767	34.5939432407	468.4	390.0	0.35	0.35
-118.684074372	34.5720687265	385.1	390.0	0.35	0.35
-118.636444408	34.5501748031	385.1	390.0	1.55	0.35
-118.588838882	34.5282615153	NaN	390.0	1.55	0.35
-118.541257797	34.5063289078	468.4	390.0	2.0	0.25
-118.493701157	34.4843770254	468.4	515.0	2.05	0.15
-118.446168966	34.4624059128	468.4	515.0	2.05	0.15
-118.398660888	34.4404156188	351.9	515.0	1.6	0.15
-118.351177606	34.4184061801	710.1	748.0	0.65	0.05
-118.303718785	34.3963776456	710.1	748.0	0.35	0.05
-118.256284427	34.3743300601	710.1	748.0	0.35	0.05
-118.208874536	34.3522634685	710.1	748.0	0.35	0.05
-118.161489115	34.3301779156	710.1	748.0	0.35	0.05
-118.114128167	34.3080734462	351.9	748.0	0.55	0.0
-118.066791695	34.2859501052	710.1	748.0	0.8	0.0
-118.019479701	34.2638079374	710.1	748.0	1.1	0.0
-117.972192189	34.2416469878	710.1	748.0	1.1	0.0
-117.924929161	34.2194673012	710.1	748.0	1.05	0.05
-117.87769028	34.1972689249	710.1	748.0	0.8	0.05
-117.830476226	34.1750518989	710.1	748.0	1.1	0.05
-117.783286664	34.1528162707	710.1	748.0	0.35	0.05
-117.736121594	34.1305620851	386.6	748.0	1.05	0.05
-117.688981019	34.1082893871	351.9	354.0	1.1	0.15
-117.641864941	34.0859982216	351.9	354.0	0.7	0.35
-117.594773361	34.0636886337	293.5	354.0	0.4	0.2
-117.54770628	34.0413606681	293.5	354.0	0.35	0.2
-117.500663701	34.01901437	386.6	387.0	0.35	0.05
-117.453645625	33.9966497843	710.1	748.0	0.35	0.15
-117.406652052	33.974266956	351.9	354.0	0.35	0.2
-117.359682983	33.95186593	386.6	387.0	0.35	0.15
-117.312738421	33.9294467514	710.1	748.0	0.0	0.0
-117.265818365	33.9070094651	386.6	349.0	0.0	0.0
-117.218922817	33.8845541163	293.5	280.0	0.0	0.0
-117.172051776	33.8620807498	NaN	349.0	0.0	0.0
-117.125205244	33.8395894107	293.5	349.0	0.0	0.0
-118.943998122	34.7424883935	710.1	748.0	0.0	0.0
-118.896204833	34.7207019002	468.4	390.0	0.0	0.0
-118.848436018	34.6988957632	468.4	390.0	0.0	0.0
-118.800691683	34.6770700273	468.4	390.0	0.0	0.0
-118.752971832	34.6552247371	385.1	390.0	0.0	0.0
-118.70527647	34.6333599374	468.4	390.0	0.35	0.35
-118.657605601	34.611475673	468.4	515.0	0.35	0.35
-118.60995923	34.5895719887	468.4	515.0	0.35	0.15
-118.562337362	34.5676489292	468.4	515.0	0.35	0.15
-118.51474	34.5457065393	710.1	748.0	0.35	0.15
-118.467167148	34.523744864	710.1	748.0	0.35	0.1
-118.41961881	34.5017639479	468.4	515.0	0.35	0.15
-118.372094649	34.4797638397	385.1	515.0	1.85	0.05
-118.324595351	34.4577445766	468.4	515.0	1.15	0.15
-118.277120577	34.4357062073	710.1	748.0	0.85	0.35
-118.229670332	34.4136487767	710.1	748.0	0.6	0.05
-118.182244618	34.3915723298	710.1	748.0	0.7	0.05
-118.134843438	34.3694769113	710.1	748.0	0.75	0.0
-118.087466797	34.3473625662	710.1	748.0	0.6	0.0
-118.040114696	34.3252293395	710.1	748.0	0.7	0.0
-117.992787138	34.303077276	710.1	748.0	0.85	0.0
-117.945484125	34.2809064206	710.1	748.0	0.85	0.0
-117.898205661	34.2587168184	710.1	748.0	0.55	0.0
-117.850951409	34.2365085166	710.1	748.0	0.0	0.0
-117.803722048	34.2142815554	710.1	748.0	0.75	0.05
-117.756517243	34.1920359822	710.1	748.0	0.8	0.0
-117.709336994	34.169771842	710.1	748.0	1.05	0.0
-117.662181304	34.1474891798	351.9	354.0	1.15	0.35
-117.615050175	34.1251880406	386.6	387.0	1.05	0.35
-117.567943608	34.1028684694	293.5	354.0	0.4	0.35
-117.520861604	34.0805305113	293.5	354.0	0.55	0.2
-117.473804165	34.0581742111	293.5	280.0	0.35	0.2
-117.426771293	34.0357996141	710.1	748.0	0.35	0.05
-117.379762988	34.0134067652	386.6	280.0	0.35	0.15
-117.332779251	33.9909957094	386.6	387.0	0.35	0.15
-117.285820084	33.9685664919	710.1	748.0	0.0	0.0
-117.238885487	33.9461191577	386.6	349.0	0.0	0.0
-117.19197546	33.9236537518	351.9	349.0	0.8	0.0
-117.145090005	33.9011703193	710.1	748.0	0.8	0.0
-117.098229122	33.8786689054	293.5	349.0	0.9	0.0
-118.917604646	34.7819463001	710.1	748.0	0.0	0.0
-118.869794553	34.7601500856	468.4	390.0	0.0	0.0
-118.822009001	34.7383342164	351.9	390.0	0.0	0.0
-118.774247993	34.7164987372	468.4	390.0	0.0	0.0
-118.726511536	34.6946436928	468.4	390.0	0.0	0.0
-118.678799632	34.6727691281	468.4	390.0	0.0	0.0
-118.631112288	34.6508750877	710.1	748.0	0.35	0.05
-118.583449507	34.6289616167	710.1	748.0	0.35	0.05
-118.535811293	34.6070287598	710.1	748.0	0.35	0.05
-118.488197651	34.5850765619	385.1	515.0	0.35	0.15
-118.440608585	34.5631050679	710.1	748.0	0.35	0.15
-118.393044097	34.5411143226	710.1	748.0	0.35	0.15
-118.345503852	34.5191043748	386.6	515.0	1.2	0.0
-118.297988534	34.4970752616	385.1	387.0	1.1	0.0
-118.250497806	34.4750270319	518.9	515.0	0.85	0.0
-118.203031672	34.4529597307	386.6	748.0	0.85	0.0
-118.155590133	34.4308734028	710.1	748.0	0.85	0.0
-118.108173194	34.4087680932	710.1	748.0	0.8	0.0
-118.060780857	34.386643847	710.1	748.0	0.6	0.0
-118.013413126	34.364500709	710.1	748.0	0.65	0.0
-117.966070002	34.3423387242	710.1	748.0	0.6	0.0
-117.918751488	34.3201579377	710.1	748.0	0.0	0.0
-117.871457587	34.2979583945	710.1	748.0	0.0	0.0
-117.824187962	34.2757401418	710.1	748.0	0.0	0.0
-117.776943294	34.2535032199	710.1	748.0	0.55	0.0
-117.729723244	34.2312476765	710.1	748.0	0.85	0.0
-117.682527816	34.2089735563	710.1	748.0	1.05	0.0
-117.635357011	34.1866809046	710.1	748.0	1.2	0.0
-117.58821083	34.1643697664	351.9	387.0	1.15	0.35
-117.541089276	34.1420401867	351.9	354.0	0.8	0.35
-117.493992349	34.1196922107	293.5	280.0	0.45	0.2
-117.446920051	34.0973258833	293.5	280.0	0.45	0.2
-117.399872383	34.0749412498	293.5	280.0	0.35	0.2
-117.352849346	34.0525383551	386.6	280.0	0.35	0.15
-117.305850941	34.0301172444	351.9	387.0	0.35	0.15
-117.25887717	34.0076779629	386.6	280.0	0.35	0.15
-117.211928032	33.9852205555	710.1	748.0	0.8	0.0
-117.165003528	33.9627450675	386.6	349.0	1.3	0.0
-117.118103659	33.940251544	468.4	455.0	1.5	0.0
-117.071228425	33.9177400302	351.9	455.0	1.7	0.0
-118.891186687	34.8214013107	351.9	748.0	0.0	0.0
-118.843359785	34.7995953494	710.1	748.0	0.0	0.0
-118.795557488	34.7777697222	468.4	515.0	0.0	0.0
-118.747779802	34.7559244741	710.1	748.0	0.65	0.0
-118.700026732	34.7340596498	710.1	748.0	0.75	0.0
-118.652298282	34.7121752942	710.1	748.0	0.0	0.0
-118.604594456	34.6902714523	710.1	748.0	0.0	0.0
-118.556915259	34.668348169	710.1	748.0	0.35	0.05
-118.509260695	34.646405489	710.1	748.0	0.35	0.05
-118.461630768	34.6244434575	710.1	748.0	0.0	0.0
-118.414025481	34.6024621192	710.1	748.0	0.0	0.0
-118.366444839	34.5804615192	710.1	748.0	0.0	0.0
-118.318888505	34.5584417061	710.1	748.0	0.0	0.0
-118.271357163	34.5364027173	710.1	349.0	0.55	0.0
-118.223850476	34.5143446017	710.1	748.0	0.7	0.0
-118.176368447	34.4922674043	518.9	515.0	0.8	0.0
-118.12891108	34.47017117	710.1	748.0	0.8	0.0
-118.081478377	34.4480559439	710.1	748.0	0.65	0.0
-118.034070341	34.425921771	710.1	748.0	0.0	0.0
-117.986686975	34.4037686964	710.1	748.0	0.0	0.0
-117.939328281	34.381596765	710.1	748.0	0.0	0.0
-117.891994263	34.3594060219	710.1	748.0	0.0	0.0
-117.844684922	34.3371965123	710.1	748.0	0.0	0.0
-117.79739992	34.3149682833	710.1	748.0	0.0	0.0
-117.75013994	34.2927213756	710.1	748.0	0.0	0.0
-117.702904644	34.2704558365	710.1	748.0	0.65	0.0
-117.655694033	34.2481717111	710.1	748.0	1.1	0.0
-117.60850811	34.2258690446	710.1	748.0	1.35	0.0
-117.561346875	34.2035478821	710.1	748.0	1.35	0.0
-117.51421033	34.1812082687	710.1	748.0	1.15	0.05
-117.467098478	34.1588502496	351.9	280.0	0.95	0.35
-117.420011318	34.1364738698	351.9	280.0	0.75	0.35
-117.372948852	34.1140791745	386.6	280.0	0.6	0.35
-117.325911081	34.091666209	293.5	280.0	1.05	0.25
-117.278898007	34.0692350183	293.5	280.0	2.0	0.35
-117.231909628	34.0467856475	351.9	280.0	0.95	0.25
-117.184945948	34.024318142	444.0	387.0	1.15	0.35
-117.138006965	34.0018325469	351.9	280.0	1.65	0.35
-117.09109268	33.9793289073	351.9	387.0	2.05	0.0
-117.044203094	33.9568072685	444.0	387.0	2.35	0.0
-118.864744076	34.8608488937	710.1	748.0	0.0	0.0
-118.816900359	34.8390331595	710.1	748.0	0.0	0.0
-118.769081315	34.8171977485	468.4	515.0	0.75	0.0
-118.721286948	34.7953427055	386.6	387.0	1.4	0.0
-118.673517262	34.7734680755	351.9	354.0	1.4	0.0
-118.625772261	34.7515739034	710.1	609.0	0.95	0.0
-118.578051951	34.7296602341	710.1	748.0	0.0	0.0
-118.530356336	34.7077271126	710.1	748.0	0.0	0.0
-118.482685419	34.6857745839	710.1	748.0	0.0	0.0
-118.435039204	34.6638026929	710.1	748.0	0.0	0.0
-118.387417695	34.6418114847	710.1	748.0	0.0	0.0
-118.339820897	34.6198010042	710.1	748.0	0.0	0.0
-118.292248471	34.5977713002	710.1	748.0	0.0	0.0
-118.244701103	34.5757224102	710.1	748.0	0.0	0.0
-118.197178455	34.553654383	710.1	748.0	0.0	0.0
-118.14968053	34.5315672638	710.1	748.0	0.0	0.0
-118.102207332	34.5094610975	351.9	387.0	0.55	0.0
-118.054758864	34.4873359293	710.1	748.0	0.0	0.0
-118.007335127	34.4651918042	710.1	748.0	0.0	0.0
-117.959936125	34.4430287674	710.1	748.0	0.0	0.0
-117.912561861	34.4208468638	710.1	748.0	0.0	0.0
-117.865212336	34.3986461387	710.1	748.0	0.0	0.0
-117.817887554	34.3764266372	710.1	748.0	0.0	0.0
-117.770587175	34.3541884066	710.1	748.0	0.0	0.0
-117.723311883	34.3319314875	710.1	748.0	0.0	0.0
-117.67606134	34.3096559274	710.1	748.0	0.6	0.0
-117.628835546	34.2873617714	710.1	748.0	1.1	0.0
-117.581634503	34.2650490648	710.1	748.0	1.45	0.0
-117.534458214	34.2427178527	710.1	748.0	1.55	0.0
-117.48730668	34.2203681803	710.1	748.0	1.3	0.0
-117.440179901	34.1980000928	351.9	748.0	1.15	0.0
-117.39307788	34.1756136353	351.9	280.0	1.15	0.4
-117.346000616	34.1532088531	293.5	280.0	1.2	0.35
-117.298948112	34.1307857915	293.5	280.0	1.0	0.35
-117.251920368	34.1083444955	293.5	280.0	0.4	0.2
-117.204917384	34.0858850105	293.5	280.0	0.55	0.2
-117.157939161	34.0634073816	293.5	280.0	1.5	0.35
-117.1109857	34.0409116542	386.6	387.0	2.1	0.35
-117.064057001	34.0183978735	351.9	387.0	2.35	0.35
-117.017153064	33.9958660847	710.1	748.0	2.5	0.0
-118.838276848	34.9002935298	710.1	748.0	0.0	0.0
-118.790416312	34.8784679971	710.1	748.0	0.0	0.0
-118.742580514	34.8566227765	710.1	748.0	0.95	0.0
-118.694769459	34.8347579129	386.6	387.0	1.5	0.0
-118.646983151	34.8128734514	351.9	354.0	1.75	0.0
-118.599221595	34.790969437	293.5	354.0	1.5	0.0
-118.551484795	34.7690459146	386.6	354.0	1.45	0.0
-118.503772756	34.7471029293	351.9	354.0	1.0	0.0
-118.45608548	34.7251405261	351.9	354.0	0.75	0.0
-118.408422972	34.7031587501	386.6	387.0	0.75	0.0
-118.360785237	34.6811576463	386.6	387.0	0.85	0.0
-118.313172277	34.6591372598	386.6	387.0	0.0	0.0
-118.265583754	34.6370976392	351.9	354.0	0.0	0.0
-118.218020356	34.6150388223	710.1	748.0	0.0	0.0
-118.170481742	34.5929608581	293.5	354.0	0.0	0.0
-118.122967918	34.5708637915	293.5	354.0	0.0	0.0
-118.075478885	34.5487476677	351.9	748.0	0.0	0.0
-118.028014646	34.5266125319	710.1	354.0	0.0	0.0
-117.980575205	34.5044584291	351.9	748.0	0.0	0.0
-117.933160564	34.4822854046	351.9	387.0	0.0	0.0
-117.885770725	34.4600935035	444.0	387.0	0.55	0.0
-117.838405691	34.437882771	351.9	354.0	0.0	0.0
-117.791065463	34.4156532522	386.6	748.0	0.0	0.0
-117.743749705	34.3934049944	710.1	748.0	0.0	0.0
-117.696459098	34.3711380386	710.1	748.0	0.55	0.0
-117.649193303	34.3488524322	710.1	748.0	0.85	0.0
-117.601952323	34.3265482203	710.1	748.0	1.25	0.0
-117.55473616	34.3042254483	710.1	748.0	1.5	0.0
-117.507544813	34.2818841613	710.1	748.0	1.55	0.0
-117.460378286	34.2595244045	386.6	748.0	1.35	0.0
-117.413236579	34.2371462234	351.9	387.0	1.25	0.35
-117.366119694	34.214749663	386.6	748.0	1.35	0.35
-117.319027631	34.1923347687	351.9	748.0	1.45	0.35
-117.271960391	34.1699015857	351.9	349.0	1.55	0.35
-117.224917975	34.1474501593	351.9	515.0	1.25	0.15
-117.177900383	34.1249805349	386.6	387.0	1.15	0.2
-117.130907617	34.1024927576	351.9	354.0	1.5	0.35
-117.083939676	34.0799868728	386.6	387.0	1.75	0.35
-117.036996561	34.0574629258	386.6	387.0	1.8	0.35
-116.990078272	34.0349209619	710.1	748.0	2.05	0.0
-118.811784836	34.9397306873	710.1	748.0	0.0	0.0
-118.763907477	34.91789533	710.1	748.0	0.0	0.0
-118.716054922	34.8960402738	710.1	748.0	0.65	0.0
-118.668227177	34.8741655638	386.6	387.0	1.25	0.0
-118.620424244	34.8522712449	351.9	354.0	1.55	0.0
-118.57264613	34.8303573623	351.9	354.0	1.65	0.0
-118.524892837	34.808423961	293.5	354.0	2.3	0.0
-118.47716437	34.7864710861	293.5	354.0	3.8	0.0
-118.429460734	34.7644987826	386.6	387.0	2.35	0.0
-118.381781931	34.7425070958	710.1	748.0	1.45	0.0
-118.334127966	34.7204960706	386.6	354.0	1.2	0.0
-118.286498842	34.6984657523	293.5	354.0	1.1	0.0
-118.238894222	34.6764161894	293.5	354.0	0.65	0.0
-118.19131479	34.6543474201	293.5	354.0	0.75	0.0
-118.14376021	34.632259493	293.5	354.0	0.65	0.0
-118.096230483	34.6101524535	293.5	354.0	0.0	0.0
-118.048725614	34.5880263465	293.5	354.0	0.0	0.0
-118.001245604	34.5658812175	293.5	354.0	0.0	0.0
-117.953790457	34.5437171115	293.5	354.0	0.0	0.0
-117.906360175	34.5215340737	293.5	354.0	0.7	0.0
-117.858954761	34.4993321495	351.9	354.0	0.7	0.0
-117.811574216	34.477111384	351.9	354.0	0.65	0.0
-117.764218543	34.4548718224	351.9	387.0	0.65	0.0
-117.716887404	34.4326135121	351.9	349.0	0.85	0.0
-117.66958148	34.4103364941	351.9	387.0	1.0	0.0
-117.622300435	34.3880408159	351.9	515.0	1.2	0.0
-117.575044269	34.3657265227	351.9	387.0	1.4	0.0
-117.527812983	34.3433936598	351.9	387.0	1.5	0.0
-117.48060658	34.3210422726	351.9	387.0	1.4	0.0
-117.43342506	34.2986724062	710.1	748.0	1.3	0.0
-117.386268425	34.2762841061	710.1	748.0	1.3	0.0
-117.339136676	34.2538774175	468.4	748.0	1.45	0.0
-117.292029813	34.2314523858	710.1	748.0	1.6	0.0
-117.244947838	34.2090090563	710.1	748.0	1.6	0.0
-117.197890751	34.1865474743	710.1	748.0	1.35	0.0
-117.150858553	34.1640676852	710.1	748.0	1.45	0.0
-117.103851244	34.1415697343	710.1	748.0	1.4	0.0
-117.056868824	34.119053667	710.1	515.0	1.35	0.0
-117.009911294	34.0965195286	385.1	515.0	1.35	0.0
-116.962978654	34.0739673645	710.1	748.0	1.6	0.0
-118.785268074	34.979164847	386.6	387.0	0.0	0.0
-118.737373886	34.9573196393	710.1	748.0	0.0	0.0
-118.689504569	34.9354547218	710.1	748.0	0.0	0.0
-118.641660126	34.9135701395	710.1	748.0	0.85	0.0
-118.593840564	34.8916659375	386.6	387.0	1.15	0.0
-118.546045885	34.8697421609	351.9	354.0	1.5	0.0
-118.498276094	34.8477988549	351.9	354.0	1.9	0.0
-118.450531195	34.8258360646	228.2	354.0	2.45	0.0
-118.402811193	34.8038538352	228.2	354.0	1.65	0.0
-118.35511609	34.7818522118	293.5	354.0	1.3	0.0
-118.30744589	34.7598312396	293.5	280.0	1.25	0.0
-118.259800598	34.7377909638	293.5	280.0	1.15	0.0
-118.212179874	34.7157314331	386.6	280.0	1.3	0.0
-118.164584406	34.6936526856	228.2	280.0	1.5	0.0
-118.117013854	34.6715547702	293.5	280.0	1.45	0.0
-118.069468221	34.649437732	228.2	280.0	1.15	0.0
-118.021947511	34.6273016164	228.2	354.0	0.7	0.0
-117.974451727	34.6051464685	293.5	354.0	0.0	0.0
-117.92698087	34.5829723337	293.5	354.0	0.55	0.0
-117.879534944	34.5607792573	293.5	354.0	0.6	0.0
-117.83211395	34.5385672844	293.5	354.0	0.65	0.0
-117.784717891	34.5163364604	351.9	354.0	0.7	0.0
-117.737346769	34.4940868306	351.9	354.0	0.95	0.0
-117.690000246	34.4718184423	351.9	354.0	1.15	0.0
-117.642679004	34.4495313368	351.9	354.0	1.3	0.0
-117.595382704	34.4272255614	351.9	354.0	1.5	0.0
-117.548111349	34.4049011615	386.6	387.0	1.65	0.0
-117.500864939	34.3825581825	386.6	387.0	1.65	0.0
-117.453643476	34.3601966696	351.9	387.0	1.5	0.0
-117.406446961	34.3378166683	351.9	349.0	1.35	0.0
-117.359275396	34.315418224	351.9	349.0	1.35	0.0
-117.31212878	34.2930013819	710.1	748.0	1.5	0.0
-117.265007116	34.2705661876	710.1	748.0	1.45	0.0
-117.217910404	34.2481126863	710.1	748.0	1.45	0.0
-117.170838644	34.2256409235	710.1	748.0	1.45	0.0
-117.123791837	34.2031509445	710.1	748.0	1.7	0.0
-117.076769984	34.1806427948	710.1	748.0	1.6	0.0
-117.029773084	34.1581165198	468.4	748.0	1.35	0.0
-116.982801138	34.135572165	710.1	748.0	1.15	0.0
-116.935854145	34.1130097756	710.1	748.0	1.4	0.0
-118.758726398	35.0185914768	351.9	515.0	0.0	0.0
-118.710815377	34.9967363928	710.1	748.0	0.0	0.0
-118.662929294	34.9748615879	710.1	748.0	0.0	0.0
-118.615068152	34.9529671074	710.1	748.0	0.6	0.0
-118.567231955	34.9310529963	386.6	354.0	0.85	0.0
-118.51942071	34.9091192999	386.6	387.0	0.85	0.0
-118.471634418	34.8871660633	386.6	387.0	1.0	0.0
-118.423873085	34.8651933318	293.5	354.0	1.1	0.0
-118.376136713	34.8432011505	293.5	280.0	1.0	0.0
-118.328425308	34.8211895648	228.2	280.0	1.1	0.0
-118.280738872	34.7991586198	228.2	280.0	1.15	0.0
-118.233077409	34.7771083608	228.2	280.0	1.2	0.0
-118.18544058	34.7550388363	386.6	280.0	1.5	0.0
-118.137829073	34.732950085	386.6	280.0	1.9	0.0
-118.090242548	34.7108421554	228.2	280.0	1.95	0.0
-118.042681008	34.688715093	293.5	280.0	1.5	0.0
-117.995144456	34.666568943	293.5	280.0	1.05	0.0
-117.947632895	34.6444037507	293.5	354.0	0.65	0.0
-117.900146327	34.6222195615	351.9	354.0	0.65	0.0
-117.852684755	34.6000164207	710.1	748.0	0.65	0.0
-117.805248181	34.5777943737	293.5	354.0	0.6	0.0
-117.757836608	34.5555534657	293.5	354.0	0.7	0.0
-117.710450036	34.5332937422	293.5	354.0	1.0	0.0
-117.663088128	34.5110152503	293.5	354.0	1.35	0.0
-117.615751567	34.4887180317	351.9	354.0	1.5	0.0
-117.568440013	34.4664021337	351.9	354.0	1.65	0.0
-117.521153468	34.4440676016	351.9	354.0	1.8	0.0
-117.473891934	34.421714481	351.9	387.0	1.7	0.0
-117.426655411	34.3993428172	386.6	387.0	1.55	0.0
-117.379443902	34.3769526556	351.9	387.0	1.4	0.0
-117.332257406	34.3545440417	386.6	387.0	1.4	0.0
-117.285095925	34.3321170208	293.5	349.0	1.45	0.0
-117.23795946	34.3096716385	710.1	748.0	1.3	0.0
-117.190848011	34.2872079402	710.1	748.0	1.2	0.0
-117.14376158	34.2647259713	710.1	748.0	1.3	0.0
-117.096700165	34.2422257772	710.1	748.0	1.7	0.0
-117.049663768	34.2197074036	710.1	748.0	1.75	0.0
-117.002652389	34.1971708957	710.1	748.0	1.55	0.0
-116.955666028	34.1746162992	386.6	387.0	1.4	0.0
-116.908704685	34.1520436595	710.1	748.0	1.45	0.0
