-119.336999976 34.1500010364 0.599361352513
-119.289458115 34.1283572771 0.635660030061
-119.241939758 34.1066940424 0.646705451588
-119.194444913 34.0850113761 0.587940845026
-119.146973585 34.063309322 0.339540593298
-119.099525778 34.041587924 -0.0764933761195
-119.052101499 34.019847226 -0.407331116008
-119.004700752 33.9980872718 -0.616645854845
-118.957323543 33.9763081053 -0.751510406167
-118.909969877 33.9545097704 -0.832946481749
-118.86263942 33.9326923162 -0.86363224718
-118.815332853 33.9108557762 -0.846637686322
-118.768049843 33.8890001996 -0.798153451994
-118.720790395 33.8671256304 -0.737116042371
-118.673554511 33.8452321126 -0.676233859764
-118.626342198 33.8233196901 -0.627246130741
-118.579153458 33.801388407 -0.606138795414
-118.531988297 33.7794383072 -0.62879079639
-118.484846717 33.7574694348 -0.699519178665
-118.437728722 33.7354818338 -0.778090083212
-118.390634316 33.7134755483 -0.656542415467
-118.343563503 33.6914506223 -0.335729967325
-118.296516285 33.6694071 -0.100301338943
-118.24949233 33.6473450287 0.0381254391295
-118.202492314 33.6252644457 0.120539522344
-118.155515903 33.6031653985 0.161262558527
-118.1085631 33.5810479314 0.158696540129
-118.061633908 33.5589120884 0.106149985418
-118.01472833 33.5367579137 0.00129657735144
-117.967846367 33.5145854513 -0.140262580563
-117.920988023 33.4923947456 -0.28072580213
-117.8741533 33.4701858406 -0.385971168418
-117.827342199 33.4479587805 -0.451153692541
-117.780554724 33.4257136095 -0.492081122477
-117.733790875 33.4034503717 -0.527270301659
-117.687050655 33.3811691115 -0.56944152854
-117.640334066 33.358869873 -0.62235017153
-117.593641108 33.3365527004 -0.682475213776
-117.546971785 33.314217638 -0.746141476384
-117.500326096 33.2918647299 -0.806787360764
-119.310966774 34.1895354099 0.659830434928
-119.263408189 34.1678823141 0.720227046924
-119.215873173 34.1462097316 0.769989686719
-119.168361732 34.1245177061 0.782522448258
-119.120873871 34.1028062817 0.436889324875
-119.073409595 34.0810755023 -0.21439723237
-119.02596891 34.0593254116 -0.520358224857
-118.978551822 34.0375560537 -0.691563676
-118.931158334 34.0157674726 -0.803140386026
-118.883788453 33.9939597122 -0.871780625926
-118.836441844 33.9721328215 -0.881887227192
-118.789119188 33.9502868343 -0.82706773912
-118.741820153 33.9284217997 -0.741936579669
-118.694544742 33.9065377619 -0.652001076574
-118.64729296 33.8846347647 -0.56158129076
-118.600064768 33.8627105985 -0.478867183487
-118.552860257 33.8407698149 -0.428486727922
-118.505679386 33.8188102042 -0.437947260701
-118.458522159 33.7968318106 -0.522139131422
-118.411388581 33.774834678 -0.693007374613
-118.364278655 33.7528188505 -0.438684441551
-118.317192384 33.7307843724 0.00182184998125
-118.270129771 33.7087312878 0.175084413019
-118.223090483 33.686659644 0.261444361375
-118.176075197 33.6645694785 0.319092303917
-118.129083578 33.6424608389 0.347230726613
-118.08211563 33.6203337694 0.333299398434
-118.035171355 33.5981883141 0.259180102022
-117.988250756 33.5760245173 0.108354477939
-117.941353835 33.5538424231 -0.101850331493
-117.894480595 33.5316420757 -0.294312918109
-117.847631038 33.5094235195 -0.409136681984
-117.800805165 33.4871867986 -0.46085230783
-117.75400298 33.4649319572 -0.485899866493
-117.707224483 33.4426590396 -0.512481213405
-117.660469677 33.4203680901 -0.557661667532
-117.613738564 33.3980591529 -0.62272208269
-117.567031144 33.3757322724 -0.696323721932
-117.520347419 33.3533874927 -0.77377020213
-117.473687391 33.3310248582 -0.843765502313
-119.284909948 34.229062758 0.696987632421
-119.237334634 34.2074003001 0.769507144329
-119.189782954 34.1857183442 0.834503691244
-119.142254913 34.1640169341 0.819290194956
-119.094750515 34.1422961138 0.382777627047
-119.047269766 34.1205559273 -0.288887196367
-118.999812672 34.0987964186 -0.578013397408
-118.952379238 34.0770176317 -0.714348496467
-118.904969468 34.0552196105 -0.805538193152
-118.857583368 34.0334023991 -0.879570457175
-118.810220604 34.0115660465 -0.873769454971
-118.762881857 33.9897105866 -0.760899333294
-118.715566793 33.9678360688 -0.643814415422
-118.668275416 33.9459425369 -0.537969802553
-118.621007732 33.9240300352 -0.417593023509
-118.573763743 33.9020986076 -0.282202618619
-118.526543455 33.8801482985 -0.177949533014
-118.47934687 33.8581791518 -0.144855404144
-118.432173992 33.8361912116 -0.16263415957
-118.385024826 33.8141845223 -0.097574514046
-118.337899375 33.7921591279 0.399867349171
-118.290797641 33.7701150725 0.391605097983
-118.243719629 33.7480524005 0.428964256303
-118.196665003 33.7259711592 0.473632169303
-118.149634443 33.7038713862 0.512936514909
-118.102627612 33.6817531292 0.536296611465
-118.055644515 33.6596164323 0.519251756174
-118.008685154 33.6374613397 0.434338460813
-117.96174953 33.6152878958 0.229893498773
-117.914837647 33.5930961448 -0.0935086567631
-117.867949508 33.570886131 -0.353683009111
-117.821085113 33.5486578986 -0.450632623601
-117.774244465 33.526411492 -0.474276662416
-117.727427567 33.5041469553 -0.477290718441
-117.680634419 33.4818643331 -0.49423619812
-117.633865024 33.4595636695 -0.549114894854
-117.587119383 33.4372450088 -0.636510117568
-117.540397498 33.4149083955 -0.746522137391
-117.49369937 33.3925538738 -0.841407120022
-117.447025 33.3701814881 -0.898040464684
-119.258829555 34.2685875614 0.708353069287
-119.211237506 34.246915716 0.778832968163
-119.163669155 34.2252243613 0.846426916085
-119.116124506 34.2035135412 0.841900213889
-119.068603565 34.1817832997 0.459328029628
-119.021106337 34.1600336808 -0.191302518947
-118.973632828 34.1382647287 -0.551893766413
-118.926183041 34.1164764873 -0.633271529037
-118.878756983 34.0946690007 -0.705673169481
-118.831354658 34.072842313 -0.814127467403
-118.783975733 34.0509964733 -0.788674176459
-118.736620888 34.0291315156 -0.601388273578
-118.68928979 34.0072474891 -0.49725333756
-118.641982443 33.985344438 -0.414281834504
-118.594698851 33.9634224064 -0.268017345773
-118.547439018 33.9414814386 -0.0440919632554
-118.500202948 33.9195215785 0.139691834869
-118.452990646 33.8975428705 0.215078886621
-118.405802113 33.8755453588 0.263790585437
-118.358637356 33.8535290875 0.42660895944
-118.311496375 33.8314941009 0.601355533807
-118.264379176 33.8094404432 0.587662343394
-118.217285761 33.7873681587 0.619554171932
-118.170215796 33.7652772948 0.655826318657
-118.123169958 33.7431678892 0.685299914347
-118.076147913 33.7210399896 0.711547906052
-118.029149664 33.6988936402 0.69297350562
-117.982175213 33.6767288854 0.621650626571
-117.935224563 33.6545457694 0.371407002187
-117.888297716 33.6323443366 -0.113625141501
-117.841394674 33.6101246313 -0.433292444081
-117.79451544 33.5878866978 -0.483963586961
-117.747660015 33.5656305805 -0.492496857291
-117.700828402 33.5433563238 -0.47403056568
-117.654020602 33.5210639719 -0.486905925391
-117.607236616 33.4987535693 -0.559509889639
-117.560476447 33.4764251603 -0.674222053987
-117.513740095 33.4540787894 -0.83778434371
-117.467027562 33.4317145009 -0.933448533974
-117.42033885 33.4093323392 -0.955243150463
-119.23272541 34.3081052896 0.700986975888
-119.185116623 34.2864240311 0.796667009805
-119.137531596 34.264723252 0.879265278686
-119.089970336 34.2430029963 0.853782917994
-119.042432848 34.221263308 0.514751931132
-118.994919136 34.1995042312 -0.016025754484
-118.947429207 34.1777258102 -0.32496548153
-118.899963065 34.1559280888 -0.400758798827
-118.852520715 34.1341111114 -0.431257164956
-118.805102162 34.112274922 -0.465910740087
-118.757707072 34.0904195696 -0.402889232652
-118.710336127 34.0685450886 -0.32541951902
-118.662988991 34.0466515282 -0.318616806665
-118.61566567 34.0247389324 -0.33005164367
-118.568366168 34.0028073457 -0.169845651301
-118.521090488 33.9808568121 0.228879240226
-118.473838635 33.9588873759 0.500835321118
-118.426610612 33.9368990813 0.556025228338
-118.379406423 33.9148919727 0.57907918044
-118.332226072 33.8928660942 0.655783817228
-118.285069561 33.8708214902 0.681436625235
-118.237936894 33.8487582049 0.704837565659
-118.190828074 33.8266762826 0.786750768305
-118.143742767 33.8045757709 0.814358844551
-118.09668165 33.7824567076 0.828591191312
-118.04964439 33.7603191403 0.83100251953
-118.002630987 33.7381631134 0.787479555094
-117.955641446 33.7159886712 0.682736002911
-117.908675768 33.693795858 0.433353281733
-117.861733956 33.6715847184 0.0789279795317
-117.814816012 33.6493552966 -0.267817506628
-117.767921937 33.627107637 -0.537218967543
-117.721051735 33.604841784 -0.557040772807
-117.674205406 33.5825577822 -0.535401335686
-117.627382952 33.5602556757 -0.564377213265
-117.580584376 33.5379355092 -0.651691857324
-117.533809678 33.515597327 -0.785692674259
-117.487058859 33.4932411736 -0.926556844546
-117.440331922 33.4708670934 -0.994491438719
-117.393628867 33.4484751309 -0.992815902772
-119.20659757 34.3476204235 0.668028141879
-119.158972036 34.3259297264 0.805035647077
-119.111370328 34.3042194974 0.905346009158
-119.063792449 34.2824897806 0.882205342012
-119.016238407 34.2607406202 0.625787907868
-118.968708206 34.2389720601 0.199702939982
-118.921201851 34.2171841447 -0.0560386062018
-118.873719348 34.1953769181 -0.0751694270392
-118.8262607 34.1735504244 -0.0529434592987
-118.778825913 34.1517047079 0.0111817335497
-118.731414652 34.1298398176 0.0412542446735
-118.6840276 34.107955788 -0.0235020276599
-118.636664422 34.0860526683 -0.137686595575
-118.589325122 34.0641305027 -0.344729554583
-118.542009704 34.0421893354 -0.232415632423
-118.494718173 34.0202292109 0.545381057089
-118.447450531 33.9982501733 0.805168304971
-118.400206783 33.9762522669 0.78296187885
-118.352986932 33.9542355362 0.753872171282
-118.305790982 33.9322000253 0.805301263681
-118.258618936 33.9101457787 0.830315552792
-118.211470797 33.8880728407 0.885303902068
-118.164346568 33.8659812556 0.938636745619
-118.117245915 33.843871071 0.930482021346
-118.070169516 33.8217423248 0.923938610837
-118.023117035 33.7995950648 0.896088375015
-117.976088476 33.7774293352 0.823676437238
-117.929083841 33.7552451806 0.6621531311
-117.882103131 33.7330426453 0.493566809753
-117.835146351 33.7108217738 0.442039273251
-117.7882135 33.6885826105 0.0139949930412
-117.741304582 33.6663251999 -0.551733396866
-117.694419599 33.6440495864 -0.613796503407
-117.647558552 33.6217558144 -0.616763763354
-117.600721442 33.5994439286 -0.658101019999
-117.553908272 33.5771139732 -0.771780114666
-117.507119043 33.554765993 -0.893078011337
-117.460353756 33.5324000322 -0.983861321298
-117.413612411 33.5100161355 -1.02368350891
-117.366895012 33.4876143474 -0.995824631792
-119.180445852 34.3871284322 0.582205997436
-119.132803567 34.365428271 0.745548826716
-119.085185172 34.3437085665 0.885084122958
-119.037590672 34.321969363 0.929440432667
-118.990020072 34.3002107047 0.767044847863
-118.942473377 34.2784326358 0.407920540597
-118.894950593 34.2566352005 0.204809907241
-118.847451724 34.234818443 0.25527300258
-118.799976775 34.2129824076 0.261633140874
-118.752525751 34.1911271386 0.179644492928
-118.705098317 34.1692526848 0.146872600486
-118.657695155 34.1473590812 0.215767303818
-118.610315931 34.1254463767 0.038636011442
-118.56296065 34.1035146158 -0.328818669825
-118.515629314 34.0815638427 -0.462825090841
-118.468321928 34.0595941018 0.178980015162
-118.421038495 34.0376054374 0.770131963845
-118.37377902 34.015597894 0.825126342562
-118.326543505 33.9935715158 0.832056070657
-118.279331954 33.9715263473 0.891414532783
-118.232144371 33.9494624328 0.929807831532
-118.184980758 33.9273798168 0.955616714443
-118.137841119 33.9052785437 0.976977958405
-118.090725118 33.8831586609 0.968907655421
-118.043633435 33.8610202067 0.958218099708
-117.996565733 33.8388632287 0.939124281073
-117.949522015 33.8166877714 0.863074749906
-117.902502285 33.7944938792 0.706154356399
-117.855506543 33.7722815967 0.5432487057
-117.808534793 33.7500509682 0.363980102649
-117.761587036 33.7278020384 -0.104628957558
-117.714663274 33.7055348516 -0.524354783991
-117.667763509 33.6832494525 -0.641763598996
-117.620887743 33.6609458855 -0.650218109578
-117.574035977 33.6386241952 -0.689145486288
-117.527208214 33.6162844262 -0.792165685635
-117.480404453 33.5939266229 -0.881481862169
-117.433624696 33.5715508299 -0.940710507147
-117.386868946 33.5491570918 -0.959831910452
-117.340137201 33.5267454532 -0.960409631225
-119.154270307 34.4266337968 0.416181904464
-119.106611265 34.4049241458 0.595014760326
-119.058976177 34.3831949403 0.788209998861
-119.011365048 34.3614462247 0.972373085147
-118.963777884 34.3396780431 0.961805064314
-118.91621469 34.3178904399 0.583271648809
-118.86867547 34.2960834592 0.410057144124
-118.82116023 34.2742571455 0.580115496804
-118.773668974 34.2524115429 0.461526182772
-118.726201706 34.2305466959 0.0501038445732
-118.678758093 34.2086626534 0.0444353165929
-118.631338816 34.1867594503 0.399182475795
-118.583943542 34.1648371358 0.32138330909
-118.536572273 34.1428957542 -0.156047647076
-118.489225013 34.12093535 -0.301152467312
-118.441901768 34.0989559675 -0.214746733416
-118.394602539 34.0769576511 0.158919132669
-118.347327332 34.0549404452 0.677737823571
-118.300076148 34.0329043944 0.787818563806
-118.252848993 34.010849543 0.896253486551
-118.205645868 33.9887759355 0.931297374035
-118.158466777 33.9666836163 0.930457831759
-118.111311723 33.9445726299 0.956117937477
-118.064180371 33.9224430238 0.958648684422
-118.017073399 33.9002948365 0.957689612758
-117.969990472 33.8781281155 0.968783019014
-117.922931593 33.8559429053 0.893202801301
-117.875896763 33.8337392505 0.75035101954
-117.828885986 33.8115171957 0.474389738826
-117.781899263 33.7892767852 -0.0345728872943
-117.734936596 33.7670180638 -0.452564873632
-117.687997987 33.744741076 -0.611675150894
-117.641083438 33.7224458663 -0.65705587328
-117.59419295 33.7001324793 -0.622138205535
-117.547326526 33.6778009596 -0.65136674372
-117.500484165 33.6554513519 -0.74124556522
-117.453665871 33.6330837006 -0.812271218438
-117.406871643 33.6106980506 -0.837626702657
-117.360101483 33.5882944462 -0.865088986783
-117.313355392 33.5658729322 -0.919390965515
-119.128070757 34.4661319862 0.152659979687
-119.080394953 34.4444128197 0.231825836532
-119.032743168 34.4226740877 0.451058606304
-118.985115407 34.4009158342 0.874012732078
-118.937511675 34.3791381037 1.12862325824
-118.889931977 34.3573409405 0.941731004664
-118.842376318 34.335524389 0.783537806107
-118.794844703 34.3136884934 0.681305883309
-118.747337136 34.2918332981 0.374850601096
-118.699853622 34.2699588476 0.0205239577394
-118.652393827 34.2480651908 0.114427803625
-118.604958772 34.2261523583 0.542130004235
-118.557547104 34.2042204127 0.590243680825
-118.510159845 34.182269385 0.318170070832
-118.46279666 34.1602993242 0.18303140647
-118.415457552 34.1383102746 0.0995404100629
-118.368142526 34.1163022808 0.290059367577
-118.320851584 34.0942753872 0.452998577313
-118.27358473 34.0722296383 0.60678297586
-118.226341967 34.0501650787 0.780942425167
-118.179123299 34.0280817528 0.802362061544
-118.131928728 34.0059797052 0.885476308468
-118.084758258 33.9838589803 0.95481953735
-118.037611553 33.9617196257 0.987676222918
-117.990489291 33.93956168 0.981269576026
-117.943391138 33.9173851907 0.940530072144
-117.896317096 33.8951902025 0.821867226797
-117.849267167 33.8729767599 0.648079290659
-117.802241353 33.8507449075 0.296367315674
-117.755239656 33.82849469 -0.218618579313
-117.708262079 33.8062261519 -0.530263691185
-117.661308622 33.7839393379 -0.591872193498
-117.614379288 33.7616342925 -0.577449492018
-117.567474079 33.7393110605 -0.563549757644
-117.520592995 33.7169696865 -0.609854819288
-117.473736039 33.6946102151 -0.703383563571
-117.42690321 33.672232691 -0.774799486893
-117.380094511 33.6498371588 -0.805087588296
-117.333309943 33.6274236633 -0.851075777806
-117.286549505 33.6049922491 -0.908984501522
-119.10184725 34.5056274814 -0.149738368407
-119.054154678 34.4838987739 -0.26457887779
-119.006486189 34.4621504896 -0.00516229364314
-118.958841789 34.4403826728 0.69814861975
-118.911221483 34.4185953679 1.17557116494
-118.863625275 34.3967886193 1.2056177314
-118.816053171 34.3749624713 1.02889869712
-118.768505175 34.3531169684 0.596555457178
-118.720981292 34.331252155 0.271460129469
-118.673481527 34.3093680755 0.0701717337114
-118.626005883 34.2874647745 0.177535048279
-118.578554365 34.2655422963 0.562449797321
-118.531126638 34.2436006897 0.719523152998
-118.483723384 34.2216399906 0.755212906236
-118.436344268 34.1996602478 0.736175241097
-118.388989293 34.1776615058 0.742463259603
-118.341658464 34.1556438093 0.687249206855
-118.294351783 34.1336072026 0.139327260276
-118.247069254 34.1115517305 0.238417787617
-118.19981088 34.0894774373 0.6371019562
-118.152576664 34.0673843678 0.764485366488
-118.105366609 34.0452725665 0.896662536211
-118.058180718 34.0231420779 1.0184504637
-118.011018656 34.0009929496 1.0290383044
-117.963881102 33.9788252203 0.974989458003
-117.916767719 33.9566389376 0.840208288081
-117.86967851 33.9344341463 0.68393496484
-117.822613478 33.9122108908 0.514654153543
-117.775572624 33.8899692158 0.208699562623
-117.72855595 33.8677091661 -0.214257480684
-117.681563459 33.8454307863 -0.459867625414
-117.634595152 33.8231341211 -0.464144672996
-117.587651031 33.8008192151 -0.476473846146
-117.540731097 33.778486113 -0.509323286874
-117.493835351 33.7561348596 -0.58404311238
-117.446963796 33.7337654996 -0.706398549245
-117.400116431 33.7113780776 -0.789752241324
-117.353293259 33.6889726385 -0.837746286607
-117.306494279 33.6665492269 -0.885881987685
-117.259719494 33.6441078875 -0.929511211067
-119.075599609 34.5451157512 -0.346777791978
-119.027890264 34.523377477 -0.41710347102
-118.980205068 34.5016196148 -0.126384704869
-118.932544025 34.479842209 0.401291596969
-118.884907141 34.458045304 0.761050169913
-118.83729442 34.4362289442 0.927586707264
-118.789705867 34.4143931742 0.833264901228
-118.742141487 34.3925380384 0.59830327676
-118.694601285 34.3706635812 0.447565153292
-118.647085264 34.3487698472 0.335359548908
-118.59959343 34.326856881 0.413610288799
-118.552125786 34.3049247269 0.604838254401
-118.504681997 34.2829734338 0.802685797551
-118.457262745 34.2610030377 0.883995711526
-118.409867696 34.2390135875 0.867989372748
-118.362496852 34.2170051277 0.824665309653
-118.315150218 34.1949777029 0.57723989548
-118.267827795 34.1729313578 -0.00770274929433
-118.220529589 34.150866137 -0.00333816443112
-118.173255602 34.128782085 0.347365344185
-118.126005837 34.1066792465 0.59634654908
-118.078780297 34.0845576662 0.826971025868
-118.031578984 34.0624173886 0.977844904498
-117.984401564 34.0402584612 0.971164691963
-117.937248715 34.0180809231 0.877119156381
-117.890120101 33.9958848218 0.718036852025
-117.843015725 33.973670202 0.595781136695
-117.795935588 33.9514371084 0.48751624345
-117.748879694 33.9291855858 0.292479820221
-117.701848043 33.9069156787 0.011194245936
-117.654840638 33.884627432 -0.178011130674
-117.60785748 33.8623208904 -0.31658742304
-117.56089857 33.8399960987 -0.440023187113
-117.513963912 33.8176531015 -0.533713638854
-117.467053504 33.7952919437 -0.642572753843
-117.42016735 33.77291267 -0.749474046657
-117.37330545 33.7505153252 -0.841291475337
-117.326467804 33.7280999541 -0.917842118257
-117.279654414 33.7056666015 -0.967200330956
-117.232865281 33.6832153121 -0.963043556126
-119.04932788 34.5846012766 -0.411959454703
-119.001601757 34.5628534101 -0.379661001314
-118.953899846 34.5410859444 -0.193827941427
-118.906222154 34.5192989239 0.0374016684603
-118.858568686 34.4974923933 0.267866550694
-118.810939445 34.4756663969 0.44481514128
-118.763334438 34.4538209793 0.535924253471
-118.715753669 34.431956185 0.679106548949
-118.668197141 34.4100720586 0.731989749897
-118.62066486 34.3881686446 0.691565742798
-118.57315683 34.3662459877 0.66440332708
-118.525673054 34.3443041323 0.535942215486
-118.478213198 34.3223431273 0.70754179991
-118.430777944 34.3003630088 0.758884751914
-118.383366956 34.2783638257 0.616060097417
-118.335980238 34.2563456228 0.238962646043
-118.288617794 34.2343084445 -0.0611586127544
-118.241279626 34.2122523356 -0.206640433607
-118.193965738 34.1901773407 -0.157352256209
-118.146676134 34.1680835046 0.0899560078824
-118.099410815 34.1459708718 0.345915097655
-118.052169785 34.1238394872 0.630521893887
-118.004953047 34.1016893954 0.805661635498
-117.957760264 34.0795206437 0.812664635677
-117.910592117 34.0573332716 0.713700812369
-117.863448269 34.0351273265 0.57530977045
-117.816328722 34.0129028531 0.514170183308
-117.769233478 33.9906598963 0.525046036533
-117.722162539 33.9683985007 0.453880711894
-117.675115908 33.9461187112 0.32756070861
-117.628093586 33.9238205726 0.11904642662
-117.581095574 33.9015041296 -0.221615018901
-117.534121875 33.879169427 -0.442339526809
-117.487172488 33.8568165097 -0.600507907243
-117.440247417 33.8344454225 -0.712304460783
-117.393346662 33.8120562101 -0.782642838489
-117.346470223 33.7896489175 -0.888231821549
-117.299618102 33.7672235895 -1.01149489798
-117.2527903 33.7447802709 -1.04606074942
-117.205986817 33.7223190065 -0.969447948712
-119.023031889 34.6240795263 -0.435288702458
-118.975288982 34.6023220417 -0.404463327367
-118.927570354 34.5805449467 -0.317758294525
-118.879876009 34.5587482859 -0.211456269912
-118.832205953 34.5369321038 -0.063646321995
-118.784560189 34.5150964451 0.0828549008602
-118.736938724 34.4932413542 0.301499055585
-118.689341562 34.4713668759 0.6424390825
-118.641768706 34.4494730546 0.827006497019
-118.594220161 34.427559935 0.871734096894
-118.546695932 34.4056275618 0.809690978766
-118.499196023 34.3836759796 0.618239667583
-118.451720097 34.361705237 0.58043719846
-118.404268837 34.3397153706 0.455563181815
-118.356841909 34.3177064292 0.16196946777
-118.309439315 34.2956784575 -0.1598205357
-118.262061059 34.2736315003 -0.30333462165
-118.214707144 34.2515656021 -0.309821819726
-118.167377573 34.2294808078 -0.237625392774
-118.120072349 34.2073771621 -0.110142938921
-118.072791475 34.1852547097 0.0774309583275
-118.025534954 34.1631134954 0.324217006608
-117.978302789 34.140953564 0.499861813529
-117.931094643 34.1187749628 0.534799111171
-117.883911196 34.0965777313 0.439238054139
-117.836752112 34.074361917 0.373978695132
-117.789617394 34.0521275648 0.383528363386
-117.742507042 34.0298747195 0.450926440067
-117.695421059 34.0076034258 0.434846987728
-117.648359447 33.9853137287 0.344319143345
-117.601322207 33.9630056729 0.0990400915786
-117.554309341 33.9406793033 -0.217137908943
-117.507320851 33.9183346648 -0.431404807872
-117.460356738 33.8959718023 -0.562877349055
-117.413417002 33.8735907606 -0.650667506521
-117.366501646 33.8511915845 -0.751082276723
-117.319610669 33.8287743191 -0.877142358279
-117.272744074 33.8063390091 -0.993873776352
-117.22590186 33.7838856995 -0.996935991037
-117.179084028 33.7614144352 -0.910226030538
-118.996711678 34.6635549813 -0.448640524406
-118.948951982 34.6417878529 -0.449079222495
-118.90121663 34.620001103 -0.412453257258
-118.853505626 34.5981947762 -0.348678237218
-118.805818976 34.5763689172 -0.253815856549
-118.758156684 34.5545235705 -0.163079558618
-118.710518755 34.5326587808 0.105314206452
-118.662905193 34.5107745928 0.560518624061
-118.615316004 34.4888710511 0.774246015687
-118.56775119 34.4669482004 0.873128909875
-118.520210757 34.4450060854 0.863303686796
-118.472694708 34.4230447508 0.768198046108
-118.425202707 34.4010642453 0.581613339718
-118.377735438 34.3790646055 0.0858413844474
-118.330292564 34.3570458804 -0.227286427515
-118.282874089 34.3350081146 -0.29483948697
-118.235480017 34.3129513529 -0.321923431897
-118.188110349 34.2908756401 -0.281912256611
-118.140765091 34.268781021 -0.260737950656
-118.093444243 34.2466675403 -0.285476784263
-118.046147811 34.224535243 -0.188339206524
-117.998875795 34.2023841737 -0.0103838667917
-117.951628199 34.1802143774 0.11514884266
-117.904404686 34.1580259013 0.135688096053
-117.857205936 34.1358187853 0.12792599907
-117.810031613 34.1135930767 0.144404132423
-117.762881719 34.0913488204 0.20185529837
-117.715756256 34.0690860614 0.296376207594
-117.668655226 34.0468048444 0.307988903436
-117.62157863 34.0245052145 0.182793707165
-117.57452647 34.0021872165 -0.0286891662459
-117.527498748 33.9798508952 -0.248889859887
-117.480495464 33.9574962957 -0.398400878585
-117.433516621 33.9351234628 -0.430889641092
-117.386562219 33.9127324415 -0.509711888247
-117.339632259 33.8903232767 -0.666171053469
-117.292726743 33.8678960134 -0.803073157809
-117.245845671 33.8454506965 -0.889720732396
-117.198989043 33.822987371 -0.874664753311
-117.152156861 33.8005060818 -0.787724688645
-118.970367076 34.70302311 -0.436924194826
-118.922590586 34.681246312 -0.432445287564
-118.874838505 34.6594498814 -0.411128083977
-118.827110839 34.6376338629 -0.381839466476
-118.779407591 34.6157983011 -0.272450493549
-118.731728767 34.5939432407 -0.0749782787127
-118.684074372 34.5720687265 0.19342778032
-118.636444408 34.5501748031 0.373592058718
-118.588838882 34.5282615153 0.419998920033
-118.541257797 34.5063289078 0.482853149266
-118.493701157 34.4843770254 0.491960401119
-118.446168966 34.4624059128 0.518467120993
-118.398660888 34.4404156188 0.3257451277
-118.351177606 34.4184061801 -0.0786111450812
-118.303718785 34.3963776456 -0.271697351815
-118.256284427 34.3743300601 -0.275555755329
-118.208874536 34.3522634685 -0.261897592897
-118.161489115 34.3301779156 -0.261612641025
-118.114128167 34.3080734462 -0.298533880383
-118.066791695 34.2859501052 -0.34149029794
-118.019479701 34.2638079374 -0.282437801092
-117.972192189 34.2416469878 -0.186269276961
-117.924929161 34.2194673012 -0.102769591588
-117.87769028 34.1972689249 -0.0579310215505
-117.830476226 34.1750518989 -0.0560765499646
-117.783286664 34.1528162707 -0.041925609053
-117.736121594 34.1305620851 0.0451344820699
-117.688981019 34.1082893871 0.185722764199
-117.641864941 34.0859982216 0.230990096093
-117.594773361 34.0636886337 0.125907277216
-117.54770628 34.0413606681 -0.0374161900418
-117.500663701 34.01901437 -0.217123121614
-117.453645625 33.9966497843 -0.307707768976
-117.406652052 33.974266956 -0.314504135514
-117.359682983 33.95186593 -0.399938774403
-117.312738421 33.9294467514 -0.559511944037
-117.265818365 33.9070094651 -0.695581869646
-117.218922817 33.8845541163 -0.735660918677
-117.172051776 33.8620807498 -0.692887005505
-117.125205244 33.8395894107 -0.610415034419
-118.943998122 34.7424883935 -0.396905302066
-118.896204833 34.7207019002 -0.360362741397
-118.848436018 34.6988957632 -0.339467408444
-118.800691683 34.6770700273 -0.347112908522
-118.752971832 34.6552247371 -0.181439163132
-118.70527647 34.6333599374 0.213332697822
-118.657605601 34.611475673 0.335458075005
-118.60995923 34.5895719887 0.0656625891224
-118.562337362 34.5676489292 -0.0628955858737
-118.51474 34.5457065393 -0.0921606448785
-118.467167148 34.523744864 -0.0463090873332
-118.41961881 34.5017639479 0.136785875193
-118.372094649 34.4797638397 0.0806385709154
-118.324595351 34.4577445766 -0.114867792413
-118.277120577 34.4357062073 -0.205717222196
-118.229670332 34.4136487767 -0.175963526942
-118.182244618 34.3915723298 -0.174425837483
-118.134843438 34.3694769113 -0.252864563856
-118.087466797 34.3473625662 -0.303308627498
-118.040114696 34.3252293395 -0.302404670012
-117.992787138 34.303077276 -0.270255676301
-117.945484125 34.2809064206 -0.229195106406
-117.898205661 34.2587168184 -0.179992562025
-117.850951409 34.2365085166 -0.149390722026
-117.803722048 34.2142815554 -0.175827397555
-117.756517243 34.1920359822 -0.181286629872
-117.709336994 34.169771842 -0.0726385476352
-117.662181304 34.1474891798 0.151544241844
-117.615050175 34.1251880406 0.225795607348
-117.567943608 34.1028684694 0.151534528883
-117.520861604 34.0805305113 0.0246216766714
-117.473804165 34.0581742111 -0.142004068662
-117.426771293 34.0357996141 -0.172623791696
-117.379762988 34.0134067652 -0.144581603754
-117.332779251 33.9909957094 -0.208162423387
-117.285820084 33.9685664919 -0.394619257198
-117.238885487 33.9461191577 -0.539274704585
-117.19197546 33.9236537518 -0.512190892649
-117.145090005 33.9011703193 -0.452003898401
-117.098229122 33.8786689054 -0.381758670224
-118.917604646 34.7819463001 -0.348350394054
-118.869794553 34.7601500856 -0.28511431809
-118.822009001 34.7383342164 -0.238501540705
-118.774247993 34.7164987372 -0.192781352117
-118.726511536 34.6946436928 -0.015180753553
-118.678799632 34.6727691281 0.216563987412
-118.631112288 34.6508750877 0.168314382116
-118.583449507 34.6289616167 -0.0827866561881
-118.535811293 34.6070287598 -0.227193502285
-118.488197651 34.5850765619 -0.331882065786
-118.440608585 34.5631050679 -0.278637667093
-118.393044097 34.5411143226 -0.120649832782
-118.345503852 34.5191043748 -0.102995596689
-118.297988534 34.4970752616 -0.158367430494
-118.250497806 34.4750270319 -0.171450444625
-118.203031672 34.4529597307 -0.13139545182
-118.155590133 34.4308734028 -0.144347987508
-118.108173194 34.4087680932 -0.214192390542
-118.060780857 34.386643847 -0.251383503049
-118.013413126 34.364500709 -0.249009556201
-117.966070002 34.3423387242 -0.23321223627
-117.918751488 34.3201579377 -0.213073212201
-117.871457587 34.2979583945 -0.193730905662
-117.824187962 34.2757401418 -0.197535767215
-117.776943294 34.2535032199 -0.204604759657
-117.729723244 34.2312476765 -0.187071826462
-117.682527816 34.2089735563 -0.0684412833561
-117.635357011 34.1866809046 0.100456552049
-117.58821083 34.1643697664 0.152288760547
-117.541089276 34.1420401867 0.122792513735
-117.493992349 34.1196922107 0.0503890285531
-117.446920051 34.0973258833 0.00214640060499
-117.399872383 34.0749412498 0.110644007387
-117.352849346 34.0525383551 0.287510225263
-117.305850941 34.0301172444 0.278065984246
-117.25887717 34.0076779629 -0.0267143478079
-117.211928032 33.9852205555 -0.198331229116
-117.165003528 33.9627450675 -0.162522273569
-117.118103659 33.940251544 -0.103444247056
-117.071228425 33.9177400302 -0.120203336752
-118.891186687 34.8214013107 -0.312144800407
-118.843359785 34.7995953494 -0.218831835824
-118.795557488 34.7777697222 -0.131542200333
-118.747779802 34.7559244741 -0.0244845209522
-118.700026732 34.7340596498 0.0743122537337
-118.652298282 34.7121752942 0.0534673364807
-118.604594456 34.6902714523 -0.011051702087
-118.556915259 34.668348169 -0.0674106892215
-118.509260695 34.646405489 -0.180164476096
-118.461630768 34.6244434575 -0.335638935926
-118.414025481 34.6024621192 -0.338140263323
-118.366444839 34.5804615192 -0.240305624769
-118.318888505 34.5584417061 -0.207271673948
-118.271357163 34.5364027173 -0.192891978439
-118.223850476 34.5143446017 -0.16729372975
-118.176368447 34.4922674043 -0.121862494497
-118.12891108 34.47017117 -0.121343158684
-118.081478377 34.4480559439 -0.162820489678
-118.034070341 34.425921771 -0.184447402331
-117.986686975 34.4037686964 -0.186617425096
-117.939328281 34.381596765 -0.171813482246
-117.891994263 34.3594060219 -0.154188911701
-117.844684922 34.3371965123 -0.147791702201
-117.79739992 34.3149682833 -0.154833444932
-117.75013994 34.2927213756 -0.14762919111
-117.702904644 34.2704558365 -0.100926088985
-117.655694033 34.2481717111 -0.0199660268068
-117.60850811 34.2258690446 0.044877147563
-117.561346875 34.2035478821 0.0720040736594
-117.51421033 34.1812082687 0.0716243795686
-117.467098478 34.1588502496 0.0672130585137
-117.420011318 34.1364738698 0.152102078481
-117.372948852 34.1140791745 0.395660660823
-117.325911081 34.091666209 0.846683708832
-117.278898007 34.0692350183 0.82851839906
-117.231909628 34.0467856475 0.293683984504
-117.184945948 34.024318142 0.108392430064
-117.138006965 34.0018325469 0.22436154712
-117.09109268 33.9793289073 0.257247537539
-117.044203094 33.9568072685 0.102458008722
-118.864744076 34.8608488937 -0.307807825515
-118.816900359 34.8390331595 -0.214629065767
-118.769081315 34.8171977485 -0.115911967879
-118.721286948 34.7953427055 -0.0034499967308
-118.673517262 34.7734680755 0.0439794878946
-118.625772261 34.7515739034 -0.00064358334944
-118.578051951 34.7296602341 -0.0192411752986
-118.530356336 34.7077271126 -0.0209806938737
-118.482685419 34.6857745839 -0.0924902467736
-118.435039204 34.6638026929 -0.200503720253
-118.387417695 34.6418114847 -0.222346145607
-118.339820897 34.6198010042 -0.220560401285
-118.292248471 34.5977713002 -0.217013561308
-118.244701103 34.5757224102 -0.201179182882
-118.197178455 34.553654383 -0.166629950786
-118.14968053 34.5315672638 -0.11750406944
-118.102207332 34.5094610975 -0.107279544409
-118.054758864 34.4873359293 -0.119484277988
-118.007335127 34.4651918042 -0.118937998846
-117.959936125 34.4430287674 -0.101361294901
-117.912561861 34.4208468638 -0.0729520361252
-117.865212336 34.3986461387 -0.0569943549
-117.817887554 34.3764266372 -0.0492655713453
-117.770587175 34.3541884066 -0.0552622185425
-117.723311883 34.3319314875 -0.0350961792634
-117.67606134 34.3096559274 0.0102228676535
-117.628835546 34.2873617714 0.0625911569522
-117.581634503 34.2650490648 0.0870161603895
-117.534458214 34.2427178527 0.0971016908518
-117.48730668 34.2203681803 0.0821656860612
-117.440179901 34.1980000928 0.0980077815484
-117.39307788 34.1756136353 0.197669405336
-117.346000616 34.1532088531 0.433313529445
-117.298948112 34.1307857915 0.762959924112
-117.251920368 34.1083444955 0.647135204736
-117.204917384 34.0858850105 0.309953106303
-117.157939161 34.0634073816 0.244032471736
-117.1109857 34.0409116542 0.398231658576
-117.064057001 34.0183978735 0.399669412641
-117.017153064 33.9958660847 0.207341247749
-118.838276848 34.9002935298 -0.342409962756
-118.790416312 34.8784679971 -0.272188260147
-118.742580514 34.8566227765 -0.179781923623
-118.694769459 34.8347579129 -0.0665192929288
-118.646983151 34.8128734514 -0.0064672967687
-118.599221595 34.790969437 -0.00125521742732
-118.551484795 34.7690459146 0.0152298332253
-118.503772756 34.7471029293 0.0373749363259
-118.45608548 34.7251405261 0.0144572104274
-118.408422972 34.7031587501 -0.0167091516405
-118.360785237 34.6811576463 -0.0645474190375
-118.313172277 34.6591372598 -0.15814062314
-118.265583754 34.6370976392 -0.185660565613
-118.218020356 34.6150388223 -0.183981737974
-118.170481742 34.5929608581 -0.150449897326
-118.122967918 34.5708637915 -0.102879679057
-118.075478885 34.5487476677 -0.0985619467508
-118.028014646 34.5266125319 -0.0951925275287
-117.980575205 34.5044584291 -0.0797805972198
-117.933160564 34.4822854046 -0.0303145155656
-117.885770725 34.4600935035 0.00744010234156
-117.838405691 34.437882771 0.0271564053205
-117.791065463 34.4156532522 0.0421436453885
-117.743749705 34.3934049944 0.0396787945635
-117.696459098 34.3711380386 0.07002154804
-117.649193303 34.3488524322 0.11573086065
-117.601952323 34.3265482203 0.154871477516
-117.55473616 34.3042254483 0.172948154843
-117.507544813 34.2818841613 0.155863236536
-117.460378286 34.2595244045 0.10005408954
-117.413236579 34.2371462234 0.0834884659943
-117.366119694 34.214749663 0.108371970345
-117.319027631 34.1923347687 0.203250024772
-117.271960391 34.1699015857 0.243080514878
-117.224917975 34.1474501593 0.169956871679
-117.177900383 34.1249805349 0.119447929819
-117.130907617 34.1024927576 0.182711061451
-117.083939676 34.0799868728 0.398758781484
-117.036996561 34.0574629258 0.399431122103
-116.990078272 34.0349209619 0.174169731696
-118.811784836 34.9397306873 -0.403855630495
-118.763907477 34.91789533 -0.36794899313
-118.716054922 34.8960402738 -0.293743061396
-118.668227177 34.8741655638 -0.179033744983
-118.620424244 34.8522712449 -0.0963884828581
-118.57264613 34.8303573623 -0.0385303107259
-118.524892837 34.808423961 0.00630312170317
-118.47716437 34.7864710861 0.0376995859789
-118.429460734 34.7644987826 0.0314225655803
-118.381781931 34.7425070958 0.0142908400736
-118.334127966 34.7204960706 -0.0484246312483
-118.286498842 34.6984657523 -0.119341260815
-118.238894222 34.6764161894 -0.126534033536
-118.19131479 34.6543474201 -0.0910555634369
-118.14376021 34.632259493 -0.0568146283017
-118.096230483 34.6101524535 -0.0741144606269
-118.048725614 34.5880263465 -0.111807742047
-118.001245604 34.5658812175 -0.131259355102
-117.953790457 34.5437171115 -0.128659334509
-117.906360175 34.5215340737 -0.0873511120094
-117.858954761 34.4993321495 -0.0581306124191
-117.811574216 34.477111384 -0.0194549954825
-117.764218543 34.4548718224 0.0092159549803
-117.716887404 34.4326135121 0.0477256393102
-117.66958148 34.4103364941 0.095197759381
-117.622300435 34.3880408159 0.145178326281
-117.575044269 34.3657265227 0.171238491353
-117.527812983 34.3433936598 0.172362002664
-117.48060658 34.3210422726 0.128090695694
-117.43342506 34.2986724062 0.0612120512875
-117.386268425 34.2762841061 0.0122100620886
-117.339136676 34.2538774175 -0.0197026476865
-117.292029813 34.2314523858 -0.0290767238047
-117.244947838 34.2090090563 -0.0838517758406
-117.197890751 34.1865474743 -0.102970967282
-117.150858553 34.1640676852 -0.0660289610432
-117.103851244 34.1415697343 0.0353026547618
-117.056868824 34.119053667 0.171616838535
-117.009911294 34.0965195286 0.13785069173
-116.962978654 34.0739673645 0.0158227183925
-118.785268074 34.979164847 -0.469940870557
-118.737373886 34.9573196393 -0.47960865301
-118.689504569 34.9354547218 -0.418727347905
-118.641660126 34.9135701395 -0.295434405748
-118.593840564 34.8916659375 -0.190808052843
-118.546045885 34.8697421609 -0.0944945488584
-118.498276094 34.8477988549 -0.0356622606485
-118.450531195 34.8258360646 -0.0136938592387
-118.402811193 34.8038538352 -0.0177454724772
-118.35511609 34.7818522118 -0.0496732300594
-118.30744589 34.7598312396 -0.0880287393748
-118.259800598 34.7377909638 -0.104171947386
-118.212179874 34.7157314331 -0.0664355488471
-118.164584406 34.6936526856 0.0409414070555
-118.117013854 34.6715547702 0.0496578389708
-118.069468221 34.649437732 -0.0680054200982
-118.021947511 34.6273016164 -0.151878074562
-117.974451727 34.6051464685 -0.209743072689
-117.92698087 34.5829723337 -0.22887962003
-117.879534944 34.5607792573 -0.217745357833
-117.83211395 34.5385672844 -0.189433624493
-117.784717891 34.5163364604 -0.139097446086
-117.737346769 34.4940868306 -0.0820758065912
-117.690000246 34.4718184423 0.00126707544351
-117.642679004 34.4495313368 0.065717703172
-117.595382704 34.4272255614 0.114237361926
-117.548111349 34.4049011615 0.129388253006
-117.500864939 34.3825581825 0.104536451382
-117.453643476 34.3601966696 0.0527637354068
-117.406446961 34.3378166683 -0.0149015985621
-117.359275396 34.315418224 -0.0768780541133
-117.31212878 34.2930013819 -0.129224354201
-117.265007116 34.2705661876 -0.181822953193
-117.217910404 34.2481126863 -0.243885193509
-117.170838644 34.2256409235 -0.254939985992
-117.123791837 34.2031509445 -0.206454284605
-117.076769984 34.1806427948 -0.160934586632
-117.029773084 34.1581165198 -0.18014519343
-116.982801138 34.135572165 -0.197939086166
-116.935854145 34.1130097756 -0.171617059038
-118.758726398 35.0185914768 -0.509658939465
-118.710815377 34.9967363928 -0.51451048185
-118.662929294 34.9748615879 -0.452066274369
-118.615068152 34.9529671074 -0.349029211337
-118.567231955 34.9310529963 -0.244584013679
-118.51942071 34.9091192999 -0.151605869034
-118.471634418 34.8871660633 -0.0945418915237
-118.423873085 34.8651933318 -0.0709167189203
-118.376136713 34.8432011505 -0.0709165286196
-118.328425308 34.8211895648 -0.0903624571576
-118.280738872 34.7991586198 -0.100005001015
-118.233077409 34.7771083608 -0.0866894441955
-118.18544058 34.7550388363 -0.029925833597
-118.137829073 34.732950085 0.0511754869916
-118.090242548 34.7108421554 0.0227331598064
-118.042681008 34.688715093 -0.0875506818984
-117.995144456 34.666568943 -0.177331016506
-117.947632895 34.6444037507 -0.245126865016
-117.900146327 34.6222195615 -0.27187852125
-117.852684755 34.6000164207 -0.275195062689
-117.805248181 34.5777943737 -0.245043082697
-117.757836608 34.5555534657 -0.197108099492
-117.710450036 34.5332937422 -0.127491263725
-117.663088128 34.5110152503 -0.0466618764726
-117.615751567 34.4887180317 0.0150512230055
-117.568440013 34.4664021337 0.0542635980862
-117.521153468 34.4440676016 0.0580299255338
-117.473891934 34.421714481 0.0278502202791
-117.426655411 34.3993428172 -0.0231358118174
-117.379443902 34.3769526556 -0.087384103981
-117.332257406 34.3545440417 -0.150329215516
-117.285095925 34.3321170208 -0.2113093352
-117.23795946 34.3096716385 -0.271322926317
-117.190848011 34.2872079402 -0.32596360421
-117.14376158 34.2647259713 -0.33528518608
-117.096700165 34.2422257772 -0.315944339281
-117.049663768 34.2197074036 -0.3168223556
-117.002652389 34.1971708957 -0.360847121773
-116.955666028 34.1746162992 -0.345564633195
-116.908704685 34.1520436595 -0.297955917172
