-119.336999976 34.1500010364 0.457877398811
-119.289458115 34.1283572771 0.411592425944
-119.241939758 34.1066940424 0.324679594379
-119.194444913 34.0850113761 0.188366896166
-119.146973585 34.063309322 -0.00347794616788
-119.099525778 34.041587924 -0.219321354052
-119.052101499 34.019847226 -0.388794487165
-119.004700752 33.9980872718 -0.502950491108
-118.957323543 33.9763081053 -0.576869853725
-118.909969877 33.9545097704 -0.618107013722
-118.86263942 33.9326923162 -0.627753832895
-118.815332853 33.9108557762 -0.606909602356
-118.768049843 33.8890001996 -0.561909345076
-118.720790395 33.8671256304 -0.501410034119
-118.673554511 33.8452321126 -0.434284058178
-118.626342198 33.8233196901 -0.372106766261
-118.579153458 33.801388407 -0.330302030919
-118.531988297 33.7794383072 -0.324826673379
-118.484846717 33.7574694348 -0.365724542503
-118.437728722 33.7354818338 -0.441441915219
-118.390634316 33.7134755483 -0.46627587537
-118.343563503 33.6914506223 -0.380076743248
-118.296516285 33.6694071 -0.232774497721
-118.24949233 33.6473450287 -0.0462313991588
-118.202492314 33.6252644457 0.109481654601
-118.155515903 33.6031653985 0.209843398782
-118.1085631 33.5810479314 0.251035639746
-118.061633908 33.5589120884 0.233224019466
-118.01472833 33.5367579137 0.162384977499
-117.967846367 33.5145854513 0.0555467924409
-117.920988023 33.4923947456 -0.0593450893914
-117.8741533 33.4701858406 -0.157822723797
-117.827342199 33.4479587805 -0.231540956503
-117.780554724 33.4257136095 -0.284601342306
-117.733790875 33.4034503717 -0.325246422178
-117.687050655 33.3811691115 -0.3608647998
-117.640334066 33.358869873 -0.395676484862
-117.593641108 33.3365527004 -0.431609295958
-117.546971785 33.314217638 -0.47389495414
-117.500326096 33.2918647299 -0.521845840625
-119.310966774 34.1895354099 0.542537545681
-119.263408189 34.1678823141 0.507577789926
-119.215873173 34.1462097316 0.418757773349
-119.168361732 34.1245177061 0.265821075989
-119.120873871 34.1028062817 0.0179550988485
-119.073409595 34.0810755023 -0.271970156306
-119.02596891 34.0593254116 -0.438322329787
-118.978551822 34.0375560537 -0.540536997601
-118.931158334 34.0157674726 -0.604892867802
-118.883788453 33.9939597122 -0.639118235192
-118.836441844 33.9721328215 -0.637527560822
-118.789119188 33.9502868343 -0.596830501298
-118.741820153 33.9284217997 -0.528946061847
-118.694544742 33.9065377619 -0.44363634118
-118.64729296 33.8846347647 -0.346905893467
-118.600064768 33.8627105985 -0.251273177528
-118.552860257 33.8407698149 -0.17877259916
-118.505679386 33.8188102042 -0.153458709492
-118.458522159 33.7968318106 -0.193968280966
-118.411388581 33.774834678 -0.317214302034
-118.364278655 33.7528188505 -0.355798844959
-118.317192384 33.7307843724 -0.211028847818
-118.270129771 33.7087312878 -0.0478300050315
-118.223090483 33.686659644 0.183097074261
-118.176075197 33.6645694785 0.335255875526
-118.129083578 33.6424608389 0.420640518139
-118.08211563 33.6203337694 0.439365363061
-118.035171355 33.5981883141 0.388128717838
-117.988250756 33.5760245173 0.269319170239
-117.941353835 33.5538424231 0.104975103241
-117.894480595 33.5316420757 -0.0546831180558
-117.847631038 33.5094235195 -0.172338349021
-117.800805165 33.4871867986 -0.248394614683
-117.75400298 33.4649319572 -0.297292665954
-117.707224483 33.4426590396 -0.333884483188
-117.660469677 33.4203680901 -0.368994663029
-117.613738564 33.3980591529 -0.406733018192
-117.567031144 33.3757322724 -0.444327243174
-117.520347419 33.3533874927 -0.494158317647
-117.473687391 33.3310248582 -0.553194302972
-119.284909948 34.229062758 0.631616339284
-119.237334634 34.2074003001 0.61757160556
-119.189782954 34.1857183442 0.524747666983
-119.142254913 34.1640169341 0.326511951756
-119.094750515 34.1422961138 0.0219323636914
-119.047269766 34.1205559273 -0.298488876979
-118.999812672 34.0987964186 -0.466429333276
-118.952379238 34.0770176317 -0.554225780446
-118.904969468 34.0552196105 -0.609495958734
-118.857583368 34.0334023991 -0.644019805058
-118.810220604 34.0115660465 -0.634329412637
-118.762881857 33.9897105866 -0.567863828702
-118.715566793 33.9678360688 -0.479907671869
-118.668275416 33.9459425369 -0.37262827612
-118.621007732 33.9240300352 -0.241173392906
-118.573763743 33.9020986076 -0.0981497210133
-118.526543455 33.8801482985 0.0223595373277
-118.47934687 33.8581791518 0.0886366442027
-118.432173992 33.8361912116 0.0952845547724
-118.385024826 33.8141845223 0.0710808034683
-118.337899375 33.7921591279 0.167533358873
-118.290797641 33.7701150725 0.229085895703
-118.243719629 33.7480524005 0.348220567012
-118.196665003 33.7259711592 0.495927348635
-118.149634443 33.7038713862 0.59907800621
-118.102627612 33.6817531292 0.65461177978
-118.055644515 33.6596164323 0.643097271876
-118.008685154 33.6374613397 0.552744613077
-117.96174953 33.6152878958 0.372993468184
-117.914837647 33.5930961448 0.123849640868
-117.867949508 33.570886131 -0.0880329204838
-117.821085113 33.5486578986 -0.210679700039
-117.774244465 33.526411492 -0.279144135266
-117.727427567 33.5041469553 -0.317356880941
-117.680634419 33.4818643331 -0.347812929722
-117.633865024 33.4595636695 -0.384652835624
-117.587119383 33.4372450088 -0.432262727441
-117.540397498 33.4149083955 -0.490875101735
-117.49369937 33.3925538738 -0.552825113304
-117.447025 33.3701814881 -0.60287391451
-119.258829555 34.2685875614 0.713361381383
-119.211237506 34.246915716 0.734569268719
-119.163669155 34.2252243613 0.633506400884
-119.116124506 34.2035135412 0.38300033181
-119.068603565 34.1817832997 0.0636951345626
-119.021106337 34.1600336808 -0.266038544194
-118.973632828 34.1382647287 -0.454930884748
-118.926183041 34.1164764873 -0.517200126168
-118.878756983 34.0946690007 -0.56549800147
-118.831354658 34.072842313 -0.612007337392
-118.783975733 34.0509964733 -0.59508323323
-118.736620888 34.0291315156 -0.501687623329
-118.68928979 34.0072474891 -0.415265179883
-118.641982443 33.985344438 -0.298727805807
-118.594698851 33.9634224064 -0.129392382462
-118.547439018 33.9414814386 0.0807878434804
-118.500202948 33.9195215785 0.265991123021
-118.452990646 33.8975428705 0.380460536642
-118.405802113 33.8755453588 0.454289512071
-118.358637356 33.8535290875 0.566975761507
-118.311496375 33.8314941009 0.700992317527
-118.264379176 33.8094404432 0.725599176463
-118.217285761 33.7873681587 0.780464050765
-118.170215796 33.7652772948 0.817961220091
-118.123169958 33.7431678892 0.860160783696
-118.076147913 33.7210399896 0.884864819669
-118.029149664 33.6988936402 0.834836587658
-117.982175213 33.6767288854 0.706140244069
-117.935224563 33.6545457694 0.457951799913
-117.888297716 33.6323443366 0.0949848438261
-117.841394674 33.6101246313 -0.15699644634
-117.79451544 33.5878866978 -0.260788349107
-117.747660015 33.5656305805 -0.320099418886
-117.700828402 33.5433563238 -0.344133312899
-117.654020602 33.5210639719 -0.371846866983
-117.607236616 33.4987535693 -0.41375489062
-117.560476447 33.4764251603 -0.477315098588
-117.513740095 33.4540787894 -0.570168662914
-117.467027562 33.4317145009 -0.633394597764
-117.42033885 33.4093323392 -0.661493352553
-119.23272541 34.3081052896 0.765863705631
-119.185116623 34.2864240311 0.796438184366
-119.137531596 34.264723252 0.682910342685
-119.089970336 34.2430029963 0.415948532283
-119.042432848 34.221263308 0.105322516597
-118.994919136 34.1995042312 -0.168827879273
-118.947429207 34.1777258102 -0.330432394446
-118.899963065 34.1559280888 -0.400709141643
-118.852520715 34.1341111114 -0.437061953347
-118.805102162 34.112274922 -0.452695589773
-118.757707072 34.0904195696 -0.422680718169
-118.710336127 34.0685450886 -0.387602212259
-118.662988991 34.0466515282 -0.345348839967
-118.61566567 34.0247389324 -0.242346649855
-118.568366168 34.0028073457 -0.0398280521517
-118.521090488 33.9808568121 0.272586726272
-118.473838635 33.9588873759 0.528767627909
-118.426610612 33.9368990813 0.660161701999
-118.379406423 33.9148919727 0.753438040834
-118.332226072 33.8928660942 0.863186584836
-118.285069561 33.8708214902 0.950432483625
-118.237936894 33.8487582049 1.01735259122
-118.190828074 33.8266762826 1.07902752059
-118.143742767 33.8045757709 1.08220017387
-118.09668165 33.7824567076 1.08242548021
-118.04964439 33.7603191403 1.0560833288
-118.002630987 33.7381631134 0.950709164003
-117.955641446 33.7159886712 0.748272828501
-117.908675768 33.693795858 0.441227951738
-117.861733956 33.6715847184 0.0900248502966
-117.814816012 33.6493552966 -0.163953779329
-117.767921937 33.627107637 -0.307588861915
-117.721051735 33.604841784 -0.367975233277
-117.674205406 33.5825577822 -0.395977450542
-117.627382952 33.5602556757 -0.434134993515
-117.580584376 33.5379355092 -0.488093293794
-117.533809678 33.515597327 -0.567271273522
-117.487058859 33.4932411736 -0.653988099606
-117.440331922 33.4708670934 -0.703799721224
-117.393628867 33.4484751309 -0.714268001217
-119.20659757 34.3476204235 0.77652057899
-119.158972036 34.3259297264 0.827693249281
-119.111370328 34.3042194974 0.725361697733
-119.063792449 34.2824897806 0.437829306038
-119.016238407 34.2607406202 0.174531996527
-118.968708206 34.2389720601 -0.0117055783997
-118.921201851 34.2171841447 -0.15915272274
-118.873719348 34.1953769181 -0.2338808143
-118.8262607 34.1735504244 -0.254243187169
-118.778825913 34.1517047079 -0.21687961073
-118.731414652 34.1298398176 -0.193076928947
-118.6840276 34.107955788 -0.246461255281
-118.636664422 34.0860526683 -0.271715489992
-118.589325122 34.0641305027 -0.221524475864
-118.542009704 34.0421893354 -0.0301132395971
-118.494718173 34.0202292109 0.449455201535
-118.447450531 33.9982501733 0.732218826087
-118.400206783 33.9762522669 0.83722291059
-118.352986932 33.9542355362 0.907902762215
-118.305790982 33.9322000253 0.987091025325
-118.258618936 33.9101457787 1.08831751561
-118.211470797 33.8880728407 1.20440926438
-118.164346568 33.8659812556 1.25427455842
-118.117245915 33.843871071 1.23207816275
-118.070169516 33.8217423248 1.20209109014
-118.023117035 33.7995950648 1.13546498968
-117.976088476 33.7774293352 0.98268369693
-117.929083841 33.7552451806 0.694170648159
-117.882103131 33.7330426453 0.381067466048
-117.835146351 33.7108217738 0.0989035775827
-117.7882135 33.6885826105 -0.158403698649
-117.741304582 33.6663251999 -0.343951196151
-117.694419599 33.6440495864 -0.4132295506
-117.647558552 33.6217558144 -0.454361365638
-117.600721442 33.5994439286 -0.504365951346
-117.553908272 33.5771139732 -0.577158476283
-117.507119043 33.554765993 -0.657131651419
-117.460353756 33.5324000322 -0.725635337839
-117.413612411 33.5100161355 -0.76076206347
-117.366895012 33.4876143474 -0.750157590992
-119.180445852 34.3871284322 0.735953539516
-119.132803567 34.365428271 0.797678292916
-119.085185172 34.3437085665 0.731308611487
-119.037590672 34.321969363 0.53857835796
-118.990020072 34.3002107047 0.364466720611
-118.942473377 34.2784326358 0.17964613968
-118.894950593 34.2566352005 0.0145779398713
-118.847451724 34.234818443 -0.0560174379667
-118.799976775 34.2129824076 -0.0800438328263
-118.752525751 34.1911271386 -0.0585923463044
-118.705098317 34.1692526848 -0.0272547864384
-118.657695155 34.1473590812 -0.0167098328064
-118.610315931 34.1254463767 -0.115113214115
-118.56296065 34.1035146158 -0.19887546008
-118.515629314 34.0815638427 -0.133982443943
-118.468321928 34.0595941018 0.268921483368
-118.421038495 34.0376054374 0.655665116556
-118.37377902 34.015597894 0.77619450118
-118.326543505 33.9935715158 0.833269407536
-118.279331954 33.9715263473 0.932738145946
-118.232144371 33.9494624328 1.066795841
-118.184980758 33.9273798168 1.21676749823
-118.137841119 33.9052785437 1.20504189524
-118.090725118 33.8831586609 1.16465490549
-118.043633435 33.8610202067 1.11596438006
-117.996565733 33.8388632287 1.05532747913
-117.949522015 33.8166877714 0.891854289089
-117.902502285 33.7944938792 0.612458372023
-117.855506543 33.7722815967 0.315100384961
-117.808534793 33.7500509682 0.0375686536645
-117.761587036 33.7278020384 -0.206768244635
-117.714663274 33.7055348516 -0.362460456872
-117.667763509 33.6832494525 -0.436945795399
-117.620887743 33.6609458855 -0.483440915659
-117.574035977 33.6386241952 -0.53900517858
-117.527208214 33.6162844262 -0.615150059033
-117.480404453 33.5939266229 -0.68833966862
-117.433624696 33.5715508299 -0.747974982645
-117.386868946 33.5491570918 -0.771692398502
-117.340137201 33.5267454532 -0.76169807264
-119.154270307 34.4266337968 0.632460876791
-119.106611265 34.4049241458 0.714207742642
-119.058976177 34.3831949403 0.720838250209
-119.011365048 34.3614462247 0.670539554014
-118.963777884 34.3396780431 0.624116881957
-118.91621469 34.3178904399 0.402593668287
-118.86867547 34.2960834592 0.193055635134
-118.82116023 34.2742571455 0.129512717642
-118.773668974 34.2524115429 0.0582741476041
-118.726201706 34.2305466959 0.0209699006837
-118.678758093 34.2086626534 0.0789005347714
-118.631338816 34.1867594503 0.18486823583
-118.583943542 34.1648371358 0.0722656499121
-118.536572273 34.1428957542 -0.135724615521
-118.489225013 34.12093535 -0.114950801079
-118.441901768 34.0989559675 0.0185076483505
-118.394602539 34.0769576511 0.243938202318
-118.347327332 34.0549404452 0.502298040966
-118.300076148 34.0329043944 0.580067740632
-118.252848993 34.010849543 0.725978052454
-118.205645868 33.9887759355 0.873025407684
-118.158466777 33.9666836163 0.972853755696
-118.111311723 33.9445726299 0.983216708745
-118.064180371 33.9224430238 0.939781833874
-118.017073399 33.9002948365 0.901656537651
-117.969990472 33.8781281155 0.891862133228
-117.922931593 33.8559429053 0.762001934931
-117.875896763 33.8337392505 0.508675481969
-117.828885986 33.8115171957 0.231585643397
-117.781899263 33.7892767852 -0.0689461820623
-117.734936596 33.7670180638 -0.283778928299
-117.687997987 33.744741076 -0.377348465783
-117.641083438 33.7224458663 -0.436175136614
-117.59419295 33.7001324793 -0.475663971899
-117.547326526 33.6778009596 -0.532564053203
-117.500484165 33.6554513519 -0.606669022185
-117.453665871 33.6330837006 -0.677611400743
-117.406871643 33.6106980506 -0.732069793276
-117.360101483 33.5882944462 -0.75779052913
-117.313355392 33.5658729322 -0.754432525559
-119.128070757 34.4661319862 0.456037551994
-119.080394953 34.4444128197 0.490455516632
-119.032743168 34.4226740877 0.552530941448
-118.985115407 34.4009158342 0.730355692102
-118.937511675 34.3791381037 0.943164820682
-118.889931977 34.3573409405 0.775364442865
-118.842376318 34.335524389 0.513763629616
-118.794844703 34.3136884934 0.311634722503
-118.747337136 34.2918332981 0.159288206482
-118.699853622 34.2699588476 0.0896067084891
-118.652393827 34.2480651908 0.14484042388
-118.604958772 34.2261523583 0.288013941566
-118.557547104 34.2042204127 0.28816727465
-118.510159845 34.182269385 0.160787262523
-118.46279666 34.1602993242 0.10557255592
-118.415457552 34.1383102746 0.0355075690505
-118.368142526 34.1163022808 0.0886028423267
-118.320851584 34.0942753872 0.186540258894
-118.27358473 34.0722296383 0.2650357148
-118.226341967 34.0501650787 0.412330645037
-118.179123299 34.0280817528 0.556460024232
-118.131928728 34.0059797052 0.691260170229
-118.084758258 33.9838589803 0.745436430392
-118.037611553 33.9617196257 0.71909008396
-117.990489291 33.93956168 0.683121332645
-117.943391138 33.9173851907 0.667231610164
-117.896317096 33.8951902025 0.559361544834
-117.849267167 33.8729767599 0.380703159731
-117.802241353 33.8507449075 0.155350612105
-117.755239656 33.82849469 -0.102018855814
-117.708262079 33.8062261519 -0.268836872681
-117.661308622 33.7839393379 -0.342927924099
-117.614379288 33.7616342925 -0.391114348247
-117.567474079 33.7393110605 -0.437205326253
-117.520592995 33.7169696865 -0.498108403037
-117.473736039 33.6946102151 -0.574003156185
-117.42690321 33.672232691 -0.644510961613
-117.380094511 33.6498371588 -0.701626275708
-117.333309943 33.6274236633 -0.731888154683
-117.286549505 33.6049922491 -0.737408871535
-119.10184725 34.5056274814 0.234422359795
-119.054154678 34.4838987739 0.164749151626
-119.006486189 34.4621504896 0.278521259631
-118.958841789 34.4403826728 0.658464373114
-118.911221483 34.4185953679 1.05268257558
-118.863625275 34.3967886193 0.98748422978
-118.816053171 34.3749624713 0.751035424384
-118.768505175 34.3531169684 0.424204902688
-118.720981292 34.331252155 0.243054240938
-118.673481527 34.3093680755 0.158607321188
-118.626005883 34.2874647745 0.20707155871
-118.578554365 34.2655422963 0.403877977746
-118.531126638 34.2436006897 0.493243411734
-118.483723384 34.2216399906 0.500503864872
-118.436344268 34.1996602478 0.388993920745
-118.388989293 34.1776615058 0.173196252981
-118.341658464 34.1556438093 0.0424674481465
-118.294351783 34.1336072026 -0.0538698609666
-118.247069254 34.1115517305 -0.011003093263
-118.19981088 34.0894774373 0.160261013251
-118.152576664 34.0673843678 0.330376432586
-118.105366609 34.0452725665 0.505248907163
-118.058180718 34.0231420779 0.603697861989
-118.011018656 34.0009929496 0.543650531878
-117.963881102 33.9788252203 0.475995047684
-117.916767719 33.9566389376 0.43744986427
-117.86967851 33.9344341463 0.354877035602
-117.822613478 33.9122108908 0.269713414238
-117.775572624 33.8899692158 0.114211086381
-117.72855595 33.8677091661 -0.0877623567188
-117.681563459 33.8454307863 -0.221365146833
-117.634595152 33.8231341211 -0.277488636088
-117.587651031 33.8008192151 -0.332093359513
-117.540731097 33.778486113 -0.392881468276
-117.493835351 33.7561348596 -0.459529697086
-117.446963796 33.7337654996 -0.539573584083
-117.400116431 33.7113780776 -0.610680954241
-117.353293259 33.6889726385 -0.673164212974
-117.306494279 33.6665492269 -0.707977352106
-117.259719494 33.6441078875 -0.718934481276
-119.075599609 34.5451157512 0.0477473050863
-119.027890264 34.523377477 -0.0227006206313
-118.980205068 34.5016196148 0.105584259158
-118.932544025 34.479842209 0.404008623628
-118.884907141 34.458045304 0.663331486096
-118.83729442 34.4362289442 0.772043597001
-118.789705867 34.4143931742 0.682521988337
-118.742141487 34.3925380384 0.524642856204
-118.694601285 34.3706635812 0.435012443108
-118.647085264 34.3487698472 0.364099136814
-118.59959343 34.326856881 0.399960821857
-118.552125786 34.3049247269 0.50477438325
-118.504681997 34.2829734338 0.627582182348
-118.457262745 34.2610030377 0.646090466917
-118.409867696 34.2390135875 0.451112016202
-118.362496852 34.2170051277 0.177603341519
-118.315150218 34.1949777029 -0.0424430134394
-118.267827795 34.1729313578 -0.173998238624
-118.220529589 34.150866137 -0.140687405605
-118.173255602 34.128782085 -0.00486642018121
-118.126005837 34.1066792465 0.17785258222
-118.078780297 34.0845576662 0.397085869144
-118.031578984 34.0624173886 0.557139342525
-117.984401564 34.0402584612 0.474083845424
-117.937248715 34.0180809231 0.395588669486
-117.890120101 33.9958848218 0.299515952765
-117.843015725 33.973670202 0.220866773331
-117.795935588 33.9514371084 0.169946271137
-117.748879694 33.9291855858 0.0681835517827
-117.701848043 33.9069156787 -0.0670199164208
-117.654840638 33.884627432 -0.172491970942
-117.60785748 33.8623208904 -0.25143654808
-117.56089857 33.8399960987 -0.329488881211
-117.513963912 33.8176531015 -0.399060955249
-117.467053504 33.7952919437 -0.469493051627
-117.42016735 33.77291267 -0.538123548598
-117.37330545 33.7505153252 -0.606995531281
-117.326467804 33.7280999541 -0.669195950281
-117.279654414 33.7056666015 -0.702867198723
-117.232865281 33.6832153121 -0.701434005031
-119.04932788 34.5846012766 -0.0727436195314
-119.001601757 34.5628534101 -0.128861954575
-118.953899846 34.5410859444 -0.0598660459611
-118.906222154 34.5192989239 0.0881927291311
-118.858568686 34.4974923933 0.270360499559
-118.810939445 34.4756663969 0.445796665168
-118.763334438 34.4538209793 0.519424062541
-118.715753669 34.431956185 0.612357587383
-118.668197141 34.4100720586 0.630173214352
-118.62066486 34.3881686446 0.5854948839
-118.57315683 34.3662459877 0.558693889034
-118.525673054 34.3443041323 0.470811695016
-118.478213198 34.3223431273 0.558677646719
-118.430777944 34.3003630088 0.507662559833
-118.383366956 34.2783638257 0.289068846682
-118.335980238 34.2563456228 0.0201739367928
-118.288617794 34.2343084445 -0.165684099153
-118.241279626 34.2122523356 -0.232440213033
-118.193965738 34.1901773407 -0.211277891406
-118.146676134 34.1680835046 -0.118609655942
-118.099410815 34.1459708718 0.0452832658447
-118.052169785 34.1238394872 0.275863028176
-118.004953047 34.1016893954 0.414729424531
-117.957760264 34.0795206437 0.426840755707
-117.910592117 34.0573332716 0.35090280245
-117.863448269 34.0351273265 0.188547327889
-117.816328722 34.0129028531 0.105598199685
-117.769233478 33.9906598963 0.0828133145155
-117.722162539 33.9683985007 0.0251066009268
-117.675115908 33.9461187112 -0.0537554636429
-117.628093586 33.9238205726 -0.152732585326
-117.581095574 33.9015041296 -0.276547348015
-117.534121875 33.879169427 -0.369096554503
-117.487172488 33.8568165097 -0.441648460413
-117.440247417 33.8344454225 -0.501168941847
-117.393346662 33.8120562101 -0.551289754435
-117.346470223 33.7896489175 -0.612201956268
-117.299618102 33.7672235895 -0.677934945651
-117.2527903 33.7447802709 -0.700987980587
-117.205986817 33.7223190065 -0.673821942154
-119.023031889 34.6240795263 -0.142660841482
-118.975288982 34.6023220417 -0.188321475557
-118.927570354 34.5805449467 -0.159086147698
-118.879876009 34.5587482859 -0.0861058157148
-118.832205953 34.5369321038 0.0540210876645
-118.784560189 34.5150964451 0.211200715769
-118.736938724 34.4932413542 0.353499619251
-118.689341562 34.4713668759 0.515922431612
-118.641768706 34.4494730546 0.578033057096
-118.594220161 34.427559935 0.589401046253
-118.546695932 34.4056275618 0.537149282773
-118.499196023 34.3836759796 0.417293704994
-118.451720097 34.361705237 0.377438134053
-118.404268837 34.3397153706 0.270122744508
-118.356841909 34.3177064292 0.0775756276507
-118.309439315 34.2956784575 -0.100974430953
-118.262061059 34.2736315003 -0.204940623517
-118.214707144 34.2515656021 -0.239811490155
-118.167377573 34.2294808078 -0.223476311691
-118.120072349 34.2073771621 -0.169024869705
-118.072791475 34.1852547097 -0.0482530311275
-118.025534954 34.1631134954 0.107982787801
-117.978302789 34.140953564 0.207262192827
-117.931094643 34.1187749628 0.246435001837
-117.883911196 34.0965777313 0.179638783627
-117.836752112 34.074361917 0.0693955760795
-117.789617394 34.0521275648 0.0164126024239
-117.742507042 34.0298747195 0.00103684075942
-117.695421059 34.0076034258 -0.0411433251556
-117.648359447 33.9853137287 -0.108303289803
-117.601322207 33.9630056729 -0.213089055609
-117.554309341 33.9406793033 -0.327532399651
-117.507320851 33.9183346648 -0.411403237595
-117.460356738 33.8959718023 -0.466098355241
-117.413417002 33.8735907606 -0.507109072938
-117.366501646 33.8511915845 -0.548059085162
-117.319610669 33.8287743191 -0.599740782957
-117.272744074 33.8063390091 -0.650990233913
-117.22590186 33.7838856995 -0.656480053777
-117.179084028 33.7614144352 -0.621617700405
-118.996711678 34.6635549813 -0.172662037972
-118.948951982 34.6417878529 -0.202903654141
-118.90121663 34.620001103 -0.192640724463
-118.853505626 34.5981947762 -0.150000639432
-118.805818976 34.5763689172 -0.0575336587273
-118.758156684 34.5545235705 0.0502654165649
-118.710518755 34.5326587808 0.178023267314
-118.662905193 34.5107745928 0.318869758405
-118.615316004 34.4888710511 0.395113968917
-118.56775119 34.4669482004 0.454503068897
-118.520210757 34.4450060854 0.435719650897
-118.472694708 34.4230447508 0.369048611615
-118.425202707 34.4010642453 0.270088514993
-118.377735438 34.3790646055 0.0567903677736
-118.330292564 34.3570458804 -0.0986033580836
-118.282874089 34.3350081146 -0.152924638884
-118.235480017 34.3129513529 -0.194107553059
-118.188110349 34.2908756401 -0.207039507594
-118.140765091 34.268781021 -0.201420829961
-118.093444243 34.2466675403 -0.186911690232
-118.046147811 34.224535243 -0.127452947345
-117.998875795 34.2023841737 -0.0629764162828
-117.951628199 34.1802143774 -0.00876042327305
-117.904404686 34.1580259013 0.0153539204517
-117.857205936 34.1358187853 -0.00702108538839
-117.810031613 34.1135930767 -0.0360806985481
-117.762881719 34.0913488204 -0.056991293432
-117.715756256 34.0690860614 -0.0673878181625
-117.668655226 34.0468048444 -0.106064275567
-117.62157863 34.0245052145 -0.186617503706
-117.57452647 34.0021872165 -0.284324082914
-117.527498748 33.9798508952 -0.373265000378
-117.480495464 33.9574962957 -0.436030111004
-117.433516621 33.9351234628 -0.456729054238
-117.386562219 33.9127324415 -0.482159206631
-117.339632259 33.8903232767 -0.516688884604
-117.292726743 33.8678960134 -0.555580864981
-117.245845671 33.8454506965 -0.588586766358
-117.198989043 33.822987371 -0.582121760174
-117.152156861 33.8005060818 -0.541611146356
-118.970367076 34.70302311 -0.175523379778
-118.922590586 34.681246312 -0.191418855336
-118.874838505 34.6594498814 -0.181789152768
-118.827110839 34.6376338629 -0.149541066474
-118.779407591 34.6157983011 -0.0794766395869
-118.731728767 34.5939432407 0.00460356919106
-118.684074372 34.5720687265 0.094546178952
-118.636444408 34.5501748031 0.1525780558
-118.588838882 34.5282615153 0.187088443833
-118.541257797 34.5063289078 0.222510569077
-118.493701157 34.4843770254 0.21519849556
-118.446168966 34.4624059128 0.20049344894
-118.398660888 34.4404156188 0.109096401569
-118.351177606 34.4184061801 -0.0550084775197
-118.303718785 34.3963776456 -0.145040224683
-118.256284427 34.3743300601 -0.164264340542
-118.208874536 34.3522634685 -0.177011756935
-118.161489115 34.3301779156 -0.182409100916
-118.114128167 34.3080734462 -0.185870107512
-118.066791695 34.2859501052 -0.183124336405
-118.019479701 34.2638079374 -0.158592487778
-117.972192189 34.2416469878 -0.138516237512
-117.924929161 34.2194673012 -0.107855917846
-117.87769028 34.1972689249 -0.0898996337041
-117.830476226 34.1750518989 -0.0884486892397
-117.783286664 34.1528162707 -0.0919616273531
-117.736121594 34.1305620851 -0.0887150047512
-117.688981019 34.1082893871 -0.0860854285608
-117.641864941 34.0859982216 -0.116207340532
-117.594773361 34.0636886337 -0.194292757413
-117.54770628 34.0413606681 -0.278734636968
-117.500663701 34.01901437 -0.35741734379
-117.453645625 33.9966497843 -0.400140994852
-117.406652052 33.974266956 -0.410381522851
-117.359682983 33.95186593 -0.426187053204
-117.312738421 33.9294467514 -0.451093589231
-117.265818365 33.9070094651 -0.477012472348
-117.218922817 33.8845541163 -0.484879985331
-117.172051776 33.8620807498 -0.465807239829
-117.125205244 33.8395894107 -0.434187775603
-118.943998122 34.7424883935 -0.160267753706
-118.896204833 34.7207019002 -0.158758536417
-118.848436018 34.6988957632 -0.138988918704
-118.800691683 34.6770700273 -0.105599739359
-118.752971832 34.6552247371 -0.0449841489535
-118.70527647 34.6333599374 0.0370472874798
-118.657605601 34.611475673 0.0657982564009
-118.60995923 34.5895719887 0.0156278739813
-118.562337362 34.5676489292 -0.0121005061459
-118.51474 34.5457065393 -0.0320585865508
-118.467167148 34.523744864 -0.0307272445881
-118.41961881 34.5017639479 0.0142122423013
-118.372094649 34.4797638397 -0.0223821563716
-118.324595351 34.4577445766 -0.0996097009713
-118.277120577 34.4357062073 -0.143743589282
-118.229670332 34.4136487767 -0.151338718676
-118.182244618 34.3915723298 -0.154829555978
-118.134843438 34.3694769113 -0.163822384852
-118.087466797 34.3473625662 -0.166830536786
-118.040114696 34.3252293395 -0.1585965809
-117.992787138 34.303077276 -0.14863966552
-117.945484125 34.2809064206 -0.14289624385
-117.898205661 34.2587168184 -0.128144572214
-117.850951409 34.2365085166 -0.113696023124
-117.803722048 34.2142815554 -0.110998367415
-117.756517243 34.1920359822 -0.10603375774
-117.709336994 34.169771842 -0.0875010304702
-117.662181304 34.1474891798 -0.059596474693
-117.615050175 34.1251880406 -0.0776955944124
-117.567943608 34.1028684694 -0.146996914237
-117.520861604 34.0805305113 -0.220390875098
-117.473804165 34.0581742111 -0.292056782691
-117.426771293 34.0357996141 -0.31743735866
-117.379762988 34.0134067652 -0.314834413591
-117.332779251 33.9909957094 -0.31810253428
-117.285820084 33.9685664919 -0.341342065956
-117.238885487 33.9461191577 -0.359880714999
-117.19197546 33.9236537518 -0.338805137459
-117.145090005 33.9011703193 -0.319531032068
-117.098229122 33.8786689054 -0.306337681528
-118.917604646 34.7819463001 -0.135687341476
-118.869794553 34.7601500856 -0.112242323731
-118.822009001 34.7383342164 -0.0748498142759
-118.774247993 34.7164987372 -0.0313416608656
-118.726511536 34.6946436928 0.0203659053797
-118.678799632 34.6727691281 0.0553955559168
-118.631112288 34.6508750877 0.0321908383283
-118.583449507 34.6289616167 -0.0385964720639
-118.535811293 34.6070287598 -0.0905460316405
-118.488197651 34.5850765619 -0.137912467168
-118.440608585 34.5631050679 -0.134821339218
-118.393044097 34.5411143226 -0.10131570588
-118.345503852 34.5191043748 -0.108419014633
-118.297988534 34.4970752616 -0.129622528987
-118.250497806 34.4750270319 -0.139493994767
-118.203031672 34.4529597307 -0.134704233768
-118.155590133 34.4308734028 -0.134209126551
-118.108173194 34.4087680932 -0.141564857504
-118.060780857 34.386643847 -0.143046925786
-118.013413126 34.364500709 -0.136667240661
-117.966070002 34.3423387242 -0.133142529429
-117.918751488 34.3201579377 -0.131727573826
-117.871457587 34.2979583945 -0.126018957187
-117.824187962 34.2757401418 -0.11975231051
-117.776943294 34.2535032199 -0.112260353226
-117.729723244 34.2312476765 -0.097512877076
-117.682527816 34.2089735563 -0.0690500462228
-117.635357011 34.1866809046 -0.0369302011396
-117.58821083 34.1643697664 -0.0467005998291
-117.541089276 34.1420401867 -0.0909894735387
-117.493992349 34.1196922107 -0.142453800316
-117.446920051 34.0973258833 -0.184427753233
-117.399872383 34.0749412498 -0.169147860582
-117.352849346 34.0525383551 -0.118124784953
-117.305850941 34.0301172444 -0.0976988853689
-117.25887717 34.0076779629 -0.148432378625
-117.211928032 33.9852205555 -0.169466325798
-117.165003528 33.9627450675 -0.149755757735
-117.118103659 33.940251544 -0.141953974072
-117.071228425 33.9177400302 -0.173811998838
-118.891186687 34.8214013107 -0.113747481335
-118.843359785 34.7995953494 -0.0667207742693
-118.795557488 34.7777697222 -0.0121366470498
-118.747779802 34.7559244741 0.0467049425037
-118.700026732 34.7340596498 0.0841989292729
-118.652298282 34.7121752942 0.0663188197405
-118.604594456 34.6902714523 0.0298849493319
-118.556915259 34.668348169 -0.0204109444367
-118.509260695 34.646405489 -0.0774355167534
-118.461630768 34.6244434575 -0.134471110005
-118.414025481 34.6024621192 -0.154522730109
-118.366444839 34.5804615192 -0.150029537459
-118.318888505 34.5584417061 -0.150440496977
-118.271357163 34.5364027173 -0.13965878399
-118.223850476 34.5143446017 -0.131244776995
-118.176368447 34.4922674043 -0.116948952595
-118.12891108 34.47017117 -0.113698686196
-118.081478377 34.4480559439 -0.121471224526
-118.034070341 34.425921771 -0.122139563003
-117.986686975 34.4037686964 -0.118405097079
-117.939328281 34.381596765 -0.115301666023
-117.891994263 34.3594060219 -0.11487598821
-117.844684922 34.3371965123 -0.112480913545
-117.79739992 34.3149682833 -0.109809775603
-117.75013994 34.2927213756 -0.0993546508155
-117.702904644 34.2704558365 -0.0778090570804
-117.655694033 34.2481717111 -0.0482242952501
-117.60850811 34.2258690446 -0.0184096962751
-117.561346875 34.2035478821 -0.0166915498904
-117.51421033 34.1812082687 -0.0358513649391
-117.467098478 34.1588502496 -0.0619197276988
-117.420011318 34.1364738698 -0.0720305588681
-117.372948852 34.1140791745 -0.0140250182226
-117.325911081 34.091666209 0.123453962569
-117.278898007 34.0692350183 0.14412968844
-117.231909628 34.0467856475 0.0349708806269
-117.184945948 34.024318142 0.00508833469843
-117.138006965 34.0018325469 0.0374527230193
-117.09109268 33.9793289073 0.0240833786506
-117.044203094 33.9568072685 -0.0709548169862
-118.864744076 34.8608488937 -0.109554883665
-118.816900359 34.8390331595 -0.058850823963
-118.769081315 34.8171977485 0.0031415022008
-118.721286948 34.7953427055 0.0748031546543
-118.673517262 34.7734680755 0.111864658378
-118.625772261 34.7515739034 0.10040872938
-118.578051951 34.7296602341 0.0774697791963
-118.530356336 34.7077271126 0.0386798015309
-118.482685419 34.6857745839 -0.0106685892723
-118.435039204 34.6638026929 -0.0687574665512
-118.387417695 34.6418114847 -0.10294885751
-118.339820897 34.6198010042 -0.127121655519
-118.292248471 34.5977713002 -0.133995930985
-118.244701103 34.5757224102 -0.12786593751
-118.197178455 34.553654383 -0.119086913943
-118.14968053 34.5315672638 -0.107591569359
-118.102207332 34.5094610975 -0.107613484789
-118.054758864 34.4873359293 -0.110322900486
-118.007335127 34.4651918042 -0.108494701504
-117.959936125 34.4430287674 -0.102577685401
-117.912561861 34.4208468638 -0.0967936427946
-117.865212336 34.3986461387 -0.0943934466167
-117.817887554 34.3764266372 -0.0895976532631
-117.770587175 34.3541884066 -0.0849030555569
-117.723311883 34.3319314875 -0.070414714844
-117.67606134 34.3096559274 -0.0501978975696
-117.628835546 34.2873617714 -0.0224374323045
-117.581634503 34.2650490648 0.00406143854078
-117.534458214 34.2427178527 0.00902353038296
-117.48730668 34.2203681803 -0.00219632276213
-117.440179901 34.1980000928 -0.0141564190412
-117.39307788 34.1756136353 -0.000279877152374
-117.346000616 34.1532088531 0.0662313770717
-117.298948112 34.1307857915 0.167612335014
-117.251920368 34.1083444955 0.152747390578
-117.204917384 34.0858850105 0.0806338995068
-117.157939161 34.0634073816 0.0664080966907
-117.1109857 34.0409116542 0.101283074257
-117.064057001 34.0183978735 0.0695087060799
-117.017153064 33.9958660847 -0.0296980244653
-118.838276848 34.9002935298 -0.129648495528
-118.790416312 34.8784679971 -0.0894684100887
-118.742580514 34.8566227765 -0.0267945983171
-118.694769459 34.8347579129 0.0622382925528
-118.646983151 34.8128734514 0.11428308375
-118.599221595 34.790969437 0.128130666296
-118.551484795 34.7690459146 0.125098482018
-118.503772756 34.7471029293 0.102380517156
-118.45608548 34.7251405261 0.0654748554279
-118.408422972 34.7031587501 0.0132149293917
-118.360785237 34.6811576463 -0.0321691490903
-118.313172277 34.6591372598 -0.0785804357066
-118.265583754 34.6370976392 -0.0962156208722
-118.218020356 34.6150388223 -0.102801825716
-118.170481742 34.5929608581 -0.100475768478
-118.122967918 34.5708637915 -0.100315374575
-118.075478885 34.5487476677 -0.108802682195
-118.028014646 34.5266125319 -0.108939282627
-117.980575205 34.5044584291 -0.108105646103
-117.933160564 34.4822854046 -0.0981605444015
-117.885770725 34.4600935035 -0.0900197383792
-117.838405691 34.437882771 -0.0835038820976
-117.791065463 34.4156532522 -0.0724128521388
-117.743749705 34.3934049944 -0.0612180701566
-117.696459098 34.3711380386 -0.0414208671521
-117.649193303 34.3488524322 -0.0241852904383
-117.601952323 34.3265482203 0.0011447367741
-117.55473616 34.3042254483 0.0249055476449
-117.507544813 34.2818841613 0.0244229969815
-117.460378286 34.2595244045 0.00438826692839
-117.413236579 34.2371462234 -0.00406130617848
-117.366119694 34.214749663 0.0160753409674
-117.319027631 34.1923347687 0.0482597412128
-117.271960391 34.1699015857 0.0582132711745
-117.224917975 34.1474501593 0.0402843521818
-117.177900383 34.1249805349 0.0185944610847
-117.130907617 34.1024927576 0.027898075336
-117.083939676 34.0799868728 0.071398569807
-117.036996561 34.0574629258 0.0448966677833
-116.990078272 34.0349209619 -0.0457038285665
-118.811784836 34.9397306873 -0.168847418216
-118.763907477 34.91789533 -0.150081319953
-118.716054922 34.8960402738 -0.100432714017
-118.668227177 34.8741655638 -0.0177917316855
-118.620424244 34.8522712449 0.0388026669878
-118.57264613 34.8303573623 0.0785987690008
-118.524892837 34.808423961 0.0943567604449
-118.47716437 34.7864710861 0.0984605600904
-118.429460734 34.7644987826 0.0747037222276
-118.381781931 34.7425070958 0.0342964249017
-118.334127966 34.7204960706 -0.0118794418878
-118.286498842 34.6984657523 -0.0491627468642
-118.238894222 34.6764161894 -0.0604345120934
-118.19131479 34.6543474201 -0.0548475676311
-118.14376021 34.632259493 -0.0551727973864
-118.096230483 34.6101524535 -0.0817087861417
-118.048725614 34.5880263465 -0.110284584724
-118.001245604 34.5658812175 -0.128676256625
-117.953790457 34.5437171115 -0.139580713428
-117.906360175 34.5215340737 -0.135328799873
-117.858954761 34.4993321495 -0.130053753016
-117.811574216 34.477111384 -0.115003957757
-117.764218543 34.4548718224 -0.0952449452503
-117.716887404 34.4326135121 -0.0649354145034
-117.66958148 34.4103364941 -0.0334029982843
-117.622300435 34.3880408159 -0.0047749094929
-117.575044269 34.3657265227 0.020617493547
-117.527812983 34.3433936598 0.0317105496994
-117.48060658 34.3210422726 0.018912640537
-117.43342506 34.2986724062 -0.00879900921794
-117.386268425 34.2762841061 -0.0253085234738
-117.339136676 34.2538774175 -0.024911732806
-117.292029813 34.2314523858 -0.0289077711855
-117.244947838 34.2090090563 -0.0475948556218
-117.197890751 34.1865474743 -0.0594438416959
-117.150858553 34.1640676852 -0.0590918443841
-117.103851244 34.1415697343 -0.0416067879835
-117.056868824 34.119053667 -0.0211425771124
-117.009911294 34.0965195286 -0.0497580492131
-116.962978654 34.0739673645 -0.101451363959
-118.785268074 34.979164847 -0.213820812942
-118.737373886 34.9573196393 -0.227071771434
-118.689504569 34.9354547218 -0.193653621454
-118.641660126 34.9135701395 -0.124142188985
-118.593840564 34.8916659375 -0.0634323549168
-118.546045885 34.8697421609 -0.00961495350483
-118.498276094 34.8477988549 0.0262201729192
-118.450531195 34.8258360646 0.0538562698115
-118.402811193 34.8038538352 0.0464109135876
-118.35511609 34.7818522118 0.0125898147389
-118.30744589 34.7598312396 -0.0197024606549
-118.259800598 34.7377909638 -0.0389256694981
-118.212179874 34.7157314331 -0.0327611621886
-118.164584406 34.6936526856 0.00323210135144
-118.117013854 34.6715547702 -0.00601307964809
-118.069468221 34.649437732 -0.0696614419312
-118.021947511 34.6273016164 -0.120191011198
-117.974451727 34.6051464685 -0.162896268921
-117.92698087 34.5829723337 -0.185850637081
-117.879534944 34.5607792573 -0.19247143999
-117.83211395 34.5385672844 -0.186918908542
-117.784717891 34.5163364604 -0.166433095454
-117.737346769 34.4940868306 -0.133773587886
-117.690000246 34.4718184423 -0.08202804054
-117.642679004 34.4495313368 -0.0365333717472
-117.595382704 34.4272255614 0.00719385798323
-117.548111349 34.4049011615 0.0289789431931
-117.500864939 34.3825581825 0.0229750119337
-117.453643476 34.3601966696 7.80978256918e-05
-117.406446961 34.3378166683 -0.0385700315249
-117.359275396 34.315418224 -0.0674473024919
-117.31212878 34.2930013819 -0.0900365444083
-117.265007116 34.2705661876 -0.111159862619
-117.217910404 34.2481126863 -0.132888097556
-117.170838644 34.2256409235 -0.14003754797
-117.123791837 34.2031509445 -0.125893737827
-117.076769984 34.1806427948 -0.121299904414
-117.029773084 34.1581165198 -0.142039259344
-116.982801138 34.135572165 -0.161018237377
-116.935854145 34.1130097756 -0.16394636083
-118.758726398 35.0185914768 -0.243381950591
-118.710815377 34.9967363928 -0.256393144835
-118.662929294 34.9748615879 -0.227399027443
-118.615068152 34.9529671074 -0.17563732529
-118.567231955 34.9310529963 -0.117729406573
-118.51942071 34.9091192999 -0.0658539645472
-118.471634418 34.8871660633 -0.0226894575703
-118.423873085 34.8651933318 0.00724103998901
-118.376136713 34.8432011505 0.00841028532273
-118.328425308 34.8211895648 -0.00997923929016
-118.280738872 34.7991586198 -0.0262137435233
-118.233077409 34.7771083608 -0.0321791152594
-118.18544058 34.7550388363 -0.017979119811
-118.137829073 34.732950085 0.00679941950507
-118.090242548 34.7108421554 -0.0167911041142
-118.042681008 34.688715093 -0.0759124948873
-117.995144456 34.666568943 -0.129857765966
-117.947632895 34.6444037507 -0.176217362786
-117.900146327 34.6222195615 -0.201403986289
-117.852684755 34.6000164207 -0.212556526027
-117.805248181 34.5777943737 -0.204547049806
-117.757836608 34.5555534657 -0.183429844247
-117.710450036 34.5332937422 -0.144280780109
-117.663088128 34.5110152503 -0.093620708188
-117.615751567 34.4887180317 -0.047041793796
-117.568440013 34.4664021337 -0.00731591997767
-117.521153468 34.4440676016 0.00627532773293
-117.473891934 34.421714481 -0.00340718564133
-117.426655411 34.3993428172 -0.0301773282574
-117.379443902 34.3769526556 -0.0682415836558
-117.332257406 34.3545440417 -0.101165384156
-117.285095925 34.3321170208 -0.132191379835
-117.23795946 34.3096716385 -0.156619562676
-117.190848011 34.2872079402 -0.177798765107
-117.14376158 34.2647259713 -0.181355181208
-117.096700165 34.2422257772 -0.17543014827
-117.049663768 34.2197074036 -0.181891096817
-117.002652389 34.1971708957 -0.20570274344
-116.955666028 34.1746162992 -0.210998556794
-116.908704685 34.1520436595 -0.205751494281
