-119.336999976 34.1500010364 0.32182223643
-119.289458115 34.1283572771 0.351841310106
-119.241939758 34.1066940424 0.360907704078
-119.194444913 34.0850113761 0.312893469057
-119.146973585 34.063309322 0.111713765771
-119.099525778 34.041587924 -0.227677689965
-119.052101499 34.019847226 -0.507991883089
-119.004700752 33.9980872718 -0.700073735272
-118.957323543 33.9763081053 -0.840390223972
-118.909969877 33.9545097704 -0.940102118876
-118.86263942 33.9326923162 -0.988545527798
-118.815332853 33.9108557762 -0.978780911564
-118.768049843 33.8890001996 -0.927819049258
-118.720790395 33.8671256304 -0.86177437112
-118.673554511 33.8452321126 -0.799658066655
-118.626342198 33.8233196901 -0.75555122945
-118.579153458 33.801388407 -0.743498760897
-118.531988297 33.7794383072 -0.775048468672
-118.484846717 33.7574694348 -0.849680562447
-118.437728722 33.7354818338 -0.918630464341
-118.390634316 33.7134755483 -0.76746718557
-118.343563503 33.6914506223 -0.41792948827
-118.296516285 33.6694071 -0.17574049042
-118.24949233 33.6473450287 -0.0445756593031
-118.202492314 33.6252644457 0.0296429957423
-118.155515903 33.6031653985 0.0659335831136
-118.1085631 33.5810479314 0.0639332845767
-118.061633908 33.5589120884 0.0175763839631
-118.01472833 33.5367579137 -0.0749135633424
-117.967846367 33.5145854513 -0.198205526749
-117.920988023 33.4923947456 -0.316410973541
-117.8741533 33.4701858406 -0.398706294161
-117.827342199 33.4479587805 -0.444448019177
-117.780554724 33.4257136095 -0.472891571786
-117.733790875 33.4034503717 -0.503214373421
-117.687050655 33.3811691115 -0.546500758286
-117.640334066 33.358869873 -0.603862044511
-117.593641108 33.3365527004 -0.669010672972
-117.546971785 33.314217638 -0.736684926164
-117.500326096 33.2918647299 -0.799247508677
-119.310966774 34.1895354099 0.387313737825
-119.263408189 34.1678823141 0.438693663909
-119.215873173 34.1462097316 0.481532897673
-119.168361732 34.1245177061 0.493722296931
-119.120873871 34.1028062817 0.220061735739
-119.073409595 34.0810755023 -0.301981146039
-119.02596891 34.0593254116 -0.563257031398
-118.978551822 34.0375560537 -0.726250052941
-118.931158334 34.0157674726 -0.85694230842
-118.883788453 33.9939597122 -0.962722864475
-118.836441844 33.9721328215 -1.00266200345
-118.789119188 33.9502868343 -0.9528287231
-118.741820153 33.9284217997 -0.857403250604
-118.694544742 33.9065377619 -0.75720975899
-118.64729296 33.8846347647 -0.666080235082
-118.600064768 33.8627105985 -0.594535204084
-118.552860257 33.8407698149 -0.562013488659
-118.505679386 33.8188102042 -0.588499476593
-118.458522159 33.7968318106 -0.684910089769
-118.411388581 33.774834678 -0.864664544314
-118.364278655 33.7528188505 -0.542298865293
-118.317192384 33.7307843724 -0.0667683902091
-118.270129771 33.7087312878 0.101452195374
-118.223090483 33.686659644 0.169819092311
-118.176075197 33.6645694785 0.215868896587
-118.129083578 33.6424608389 0.238526849249
-118.08211563 33.6203337694 0.225259782974
-118.035171355 33.5981883141 0.158228066279
-117.988250756 33.5760245173 0.0224151437413
-117.941353835 33.5538424231 -0.164615827543
-117.894480595 33.5316420757 -0.328645539849
-117.847631038 33.5094235195 -0.413888925616
-117.800805165 33.4871867986 -0.441592874249
-117.75400298 33.4649319572 -0.453986643161
-117.707224483 33.4426590396 -0.478491069343
-117.660469677 33.4203680901 -0.528929289677
-117.613738564 33.3980591529 -0.602747251797
-117.567031144 33.3757322724 -0.684334544928
-117.520347419 33.3533874927 -0.767526794558
-117.473687391 33.3310248582 -0.839374463299
-119.284909948 34.229062758 0.434849922862
-119.237334634 34.2074003001 0.498167026173
-119.189782954 34.1857183442 0.556948977359
-119.142254913 34.1640169341 0.55382396467
-119.094750515 34.1422961138 0.213875120114
-119.047269766 34.1205559273 -0.323808102128
-118.999812672 34.0987964186 -0.56546266044
-118.952379238 34.0770176317 -0.691436651834
-118.904969468 34.0552196105 -0.816414946206
-118.857583368 34.0334023991 -0.959276591322
-118.810220604 34.0115660465 -0.999217860081
-118.762881857 33.9897105866 -0.876816381296
-118.715566793 33.9678360688 -0.735614867841
-118.668275416 33.9459425369 -0.612363901201
-118.621007732 33.9240300352 -0.493613997154
-118.573763743 33.9020986076 -0.38122737811
-118.526543455 33.8801482985 -0.307858515396
-118.47934687 33.8581791518 -0.299191860037
-118.432173992 33.8361912116 -0.33026398828
-118.385024826 33.8141845223 -0.260555751833
-118.337899375 33.7921591279 0.284315900201
-118.290797641 33.7701150725 0.298073191312
-118.243719629 33.7480524005 0.330048738199
-118.196665003 33.7259711592 0.360648206502
-118.149634443 33.7038713862 0.390058235337
-118.102627612 33.6817531292 0.409138276672
-118.055644515 33.6596164323 0.39446654764
-118.008685154 33.6374613397 0.317420904746
-117.96174953 33.6152878958 0.131136376145
-117.914837647 33.5930961448 -0.162778289366
-117.867949508 33.570886131 -0.388166076888
-117.821085113 33.5486578986 -0.446474562813
-117.774244465 33.526411492 -0.439896607246
-117.727427567 33.5041469553 -0.432566838179
-117.680634419 33.4818643331 -0.451430302811
-117.633865024 33.4595636695 -0.516778827578
-117.587119383 33.4372450088 -0.618386033073
-117.540397498 33.4149083955 -0.74263996381
-117.49369937 33.3925538738 -0.845190484152
-117.447025 33.3701814881 -0.898024039989
-119.258829555 34.2685875614 0.4619752974
-119.211237506 34.246915716 0.52506362962
-119.163669155 34.2252243613 0.588679740628
-119.116124506 34.2035135412 0.603149087421
-119.068603565 34.1817832997 0.312237925696
-119.021106337 34.1600336808 -0.207995436838
-118.973632828 34.1382647287 -0.481848070313
-118.926183041 34.1164764873 -0.536539609197
-118.878756983 34.0946690007 -0.654683758474
-118.831354658 34.072842313 -0.882133360685
-118.783975733 34.0509964733 -0.915791958657
-118.736620888 34.0291315156 -0.689168640514
-118.68928979 34.0072474891 -0.550570572969
-118.641982443 33.985344438 -0.441295344394
-118.594698851 33.9634224064 -0.302120414398
-118.547439018 33.9414814386 -0.125083124429
-118.500202948 33.9195215785 0.00927886277685
-118.452990646 33.8975428705 0.0564162807718
-118.405802113 33.8755453588 0.0995928561334
-118.358637356 33.8535290875 0.280658057077
-118.311496375 33.8314941009 0.468088841073
-118.264379176 33.8094404432 0.463392136226
-118.217285761 33.7873681587 0.485807602114
-118.170215796 33.7652772948 0.513865646549
-118.123169958 33.7431678892 0.536011633408
-118.076147913 33.7210399896 0.561268152576
-118.029149664 33.6988936402 0.550202280913
-117.982175213 33.6767288854 0.487699346099
-117.935224563 33.6545457694 0.260410710456
-117.888297716 33.6323443366 -0.189364894924
-117.841394674 33.6101246313 -0.474133238167
-117.79451544 33.5878866978 -0.474996299316
-117.747660015 33.5656305805 -0.445505400728
-117.700828402 33.5433563238 -0.422497936723
-117.654020602 33.5210639719 -0.439450958682
-117.607236616 33.4987535693 -0.52671220808
-117.560476447 33.4764251603 -0.659123591723
-117.513740095 33.4540787894 -0.84538204608
-117.467027562 33.4317145009 -0.947955906855
-117.42033885 33.4093323392 -0.955334603551
-119.23272541 34.3081052896 0.474624631987
-119.185116623 34.2864240311 0.555240241062
-119.137531596 34.264723252 0.628760480039
-119.089970336 34.2430029963 0.625862942951
-119.042432848 34.221263308 0.381963570174
-118.994919136 34.1995042312 0.00498716062984
-118.947429207 34.1777258102 -0.18508263757
-118.899963065 34.1559280888 -0.216561054512
-118.852520715 34.1341111114 -0.290667126754
-118.805102162 34.112274922 -0.444306069064
-118.757707072 34.0904195696 -0.441256728788
-118.710336127 34.0685450886 -0.36108871907
-118.662988991 34.0466515282 -0.324135636329
-118.61566567 34.0247389324 -0.288144233441
-118.568366168 34.0028073457 -0.142826795656
-118.521090488 33.9808568121 0.155578833349
-118.473838635 33.9588873759 0.360242749196
-118.426610612 33.9368990813 0.389138656044
-118.379406423 33.9148919727 0.413791848445
-118.332226072 33.8928660942 0.508548885846
-118.285069561 33.8708214902 0.548522329536
-118.237936894 33.8487582049 0.568034619887
-118.190828074 33.8266762826 0.624090103334
-118.143742767 33.8045757709 0.635146761424
-118.09668165 33.7824567076 0.640555190945
-118.04964439 33.7603191403 0.651073615667
-118.002630987 33.7381631134 0.626220947554
-117.955641446 33.7159886712 0.547797772703
-117.908675768 33.693795858 0.329767799171
-117.861733956 33.6715847184 -0.00171998746461
-117.814816012 33.6493552966 -0.331158936969
-117.767921937 33.627107637 -0.558903324044
-117.721051735 33.604841784 -0.529561608295
-117.674205406 33.5825577822 -0.494138950144
-117.627382952 33.5602556757 -0.524633575193
-117.580584376 33.5379355092 -0.620928143962
-117.533809678 33.515597327 -0.767896277503
-117.487058859 33.4932411736 -0.926306714689
-117.440331922 33.4708670934 -0.995927978002
-117.393628867 33.4484751309 -0.983675344221
-119.20659757 34.3476204235 0.471053745883
-119.158972036 34.3259297264 0.58080488435
-119.111370328 34.3042194974 0.666932609953
-119.063792449 34.2824897806 0.657502677635
-119.016238407 34.2607406202 0.497726199227
-118.968708206 34.2389720601 0.268524912295
-118.921201851 34.2171841447 0.149659543264
-118.873719348 34.1953769181 0.191359740602
-118.8262607 34.1735504244 0.18510499263
-118.778825913 34.1517047079 0.137015415797
-118.731414652 34.1298398176 0.0941450232638
-118.6840276 34.107955788 -0.0174509275434
-118.636664422 34.0860526683 -0.107615185268
-118.589325122 34.0641305027 -0.217445740362
-118.542009704 34.0421893354 -0.124077466982
-118.494718173 34.0202292109 0.431222541273
-118.447450531 33.9982501733 0.651312238673
-118.400206783 33.9762522669 0.609906949198
-118.352986932 33.9542355362 0.588716758934
-118.305790982 33.9322000253 0.630091767396
-118.258618936 33.9101457787 0.658118415038
-118.211470797 33.8880728407 0.722181846545
-118.164346568 33.8659812556 0.751406123526
-118.117245915 33.843871071 0.71548705302
-118.070169516 33.8217423248 0.698765380657
-118.023117035 33.7995950648 0.689445888843
-117.976088476 33.7774293352 0.648504729087
-117.929083841 33.7552451806 0.541102723137
-117.882103131 33.7330426453 0.40818403034
-117.835146351 33.7108217738 0.358277486695
-117.7882135 33.6885826105 -0.0719976205075
-117.741304582 33.6663251999 -0.599420789147
-117.694419599 33.6440495864 -0.606056521577
-117.647558552 33.6217558144 -0.596247906011
-117.600721442 33.5994439286 -0.634223146715
-117.553908272 33.5771139732 -0.744938226122
-117.507119043 33.554765993 -0.867211556799
-117.460353756 33.5324000322 -0.964209187606
-117.413612411 33.5100161355 -1.00364505654
-117.366895012 33.4876143474 -0.973086449413
-119.180445852 34.3871284322 0.435152979571
-119.132803567 34.365428271 0.582867566762
-119.085185172 34.3437085665 0.710404194475
-119.037590672 34.321969363 0.754284859698
-118.990020072 34.3002107047 0.672725105539
-118.942473377 34.2784326358 0.466757697893
-118.894950593 34.2566352005 0.376806470474
-118.847451724 34.234818443 0.494485344297
-118.799976775 34.2129824076 0.479905437664
-118.752525751 34.1911271386 0.31586027925
-118.705098317 34.1692526848 0.217535757417
-118.657695155 34.1473590812 0.257209242767
-118.610315931 34.1254463767 0.0844059062058
-118.56296065 34.1035146158 -0.217259829577
-118.515629314 34.0815638427 -0.329989217383
-118.468321928 34.0595941018 0.149618776304
-118.421038495 34.0376054374 0.615009605129
-118.37377902 34.015597894 0.688258652961
-118.326543505 33.9935715158 0.701432838648
-118.279331954 33.9715263473 0.733811964697
-118.232144371 33.9494624328 0.76330954039
-118.184980758 33.9273798168 0.806511872531
-118.137841119 33.9052785437 0.790292954169
-118.090725118 33.8831586609 0.756841307314
-118.043633435 33.8610202067 0.736526033758
-117.996565733 33.8388632287 0.719302861019
-117.949522015 33.8166877714 0.677092528766
-117.902502285 33.7944938792 0.58724583454
-117.855506543 33.7722815967 0.458993163736
-117.808534793 33.7500509682 0.277068662381
-117.761587036 33.7278020384 -0.188014969292
-117.714663274 33.7055348516 -0.572168347176
-117.667763509 33.6832494525 -0.657611775626
-117.620887743 33.6609458855 -0.658338859004
-117.574035977 33.6386241952 -0.691585276321
-117.527208214 33.6162844262 -0.77993341991
-117.480404453 33.5939266229 -0.856965859253
-117.433624696 33.5715508299 -0.907735685112
-117.386868946 33.5491570918 -0.923035939542
-117.340137201 33.5267454532 -0.927464250292
-119.154270307 34.4266337968 0.338223305392
-119.106611265 34.4049241458 0.526866736805
-119.058976177 34.3831949403 0.704761793257
-119.011365048 34.3614462247 0.856462181712
-118.963777884 34.3396780431 0.877517703859
-118.91621469 34.3178904399 0.584027020829
-118.86867547 34.2960834592 0.488614361454
-118.82116023 34.2742571455 0.722918842224
-118.773668974 34.2524115429 0.606660360543
-118.726201706 34.2305466959 0.133929784885
-118.678758093 34.2086626534 0.0851758742955
-118.631338816 34.1867594503 0.441898982601
-118.583943542 34.1648371358 0.290738088332
-118.536572273 34.1428957542 -0.150616537167
-118.489225013 34.12093535 -0.243832892298
-118.441901768 34.0989559675 -0.149476692458
-118.394602539 34.0769576511 0.180297700189
-118.347327332 34.0549404452 0.639184797433
-118.300076148 34.0329043944 0.734701213733
-118.252848993 34.010849543 0.793036594503
-118.205645868 33.9887759355 0.795487518203
-118.158466777 33.9666836163 0.74873679563
-118.111311723 33.9445726299 0.781780397094
-118.064180371 33.9224430238 0.77827716571
-118.017073399 33.9002948365 0.760356648959
-117.969990472 33.8781281155 0.739616758203
-117.922931593 33.8559429053 0.69980976821
-117.875896763 33.8337392505 0.640760046754
-117.828885986 33.8115171957 0.39429103959
-117.781899263 33.7892767852 -0.129058741096
-117.734936596 33.7670180638 -0.54311585254
-117.687997987 33.744741076 -0.670419204288
-117.641083438 33.7224458663 -0.695174388633
-117.59419295 33.7001324793 -0.664760108928
-117.547326526 33.6778009596 -0.687994029172
-117.500484165 33.6554513519 -0.750378098828
-117.453665871 33.6330837006 -0.797079576543
-117.406871643 33.6106980506 -0.799512517219
-117.360101483 33.5882944462 -0.820818360031
-117.313355392 33.5658729322 -0.886845957982
-119.128070757 34.4661319862 0.146659916572
-119.080394953 34.4444128197 0.251765410765
-119.032743168 34.4226740877 0.444830695012
-118.985115407 34.4009158342 0.795489771091
-118.937511675 34.3791381037 1.03994401572
-118.889931977 34.3573409405 0.877604264106
-118.842376318 34.335524389 0.754928184824
-118.794844703 34.3136884934 0.711683954142
-118.747337136 34.2918332981 0.433245277463
-118.699853622 34.2699588476 0.0836236742932
-118.652393827 34.2480651908 0.142744074931
-118.604958772 34.2261523583 0.495113124373
-118.557547104 34.2042204127 0.475093791508
-118.510159845 34.182269385 0.237571536545
-118.46279666 34.1602993242 0.151908154144
-118.415457552 34.1383102746 0.098124079971
-118.368142526 34.1163022808 0.30095924973
-118.320851584 34.0942753872 0.501397814509
-118.27358473 34.0722296383 0.62016116582
-118.226341967 34.0501650787 0.76519387073
-118.179123299 34.0280817528 0.76607392056
-118.131928728 34.0059797052 0.767949788502
-118.084758258 33.9838589803 0.806299352412
-118.037611553 33.9617196257 0.824475496634
-117.990489291 33.93956168 0.796947784462
-117.943391138 33.9173851907 0.739310233566
-117.896317096 33.8951902025 0.683481325706
-117.849267167 33.8729767599 0.559309881132
-117.802241353 33.8507449075 0.212286223355
-117.755239656 33.82849469 -0.31771452763
-117.708262079 33.8062261519 -0.625424894455
-117.661308622 33.7839393379 -0.664811872661
-117.614379288 33.7616342925 -0.633065477434
-117.567474079 33.7393110605 -0.632440679977
-117.520592995 33.7169696865 -0.671560384818
-117.473736039 33.6946102151 -0.736057930463
-117.42690321 33.672232691 -0.781564395208
-117.380094511 33.6498371588 -0.795145541082
-117.333309943 33.6274236633 -0.837870707402
-117.286549505 33.6049922491 -0.889666874338
-119.10184725 34.5056274814 -0.0967416938646
-119.054154678 34.4838987739 -0.16250230522
-119.006486189 34.4621504896 0.0606715382681
-118.958841789 34.4403826728 0.627386699483
-118.911221483 34.4185953679 1.06780445082
-118.863625275 34.3967886193 1.08511959786
-118.816053171 34.3749624713 0.917012586148
-118.768505175 34.3531169684 0.54024575702
-118.720981292 34.331252155 0.263534421928
-118.673481527 34.3093680755 0.159983456862
-118.626005883 34.2874647745 0.235160805487
-118.578554365 34.2655422963 0.474744530065
-118.531126638 34.2436006897 0.581140953231
-118.483723384 34.2216399906 0.647604282677
-118.436344268 34.1996602478 0.61643259917
-118.388989293 34.1776615058 0.564165985985
-118.341658464 34.1556438093 0.608165361417
-118.294351783 34.1336072026 0.290833111593
-118.247069254 34.1115517305 0.342031311227
-118.19981088 34.0894774373 0.730859642692
-118.152576664 34.0673843678 0.837096253357
-118.105366609 34.0452725665 0.840840507146
-118.058180718 34.0231420779 0.883198573748
-118.011018656 34.0009929496 0.88354918292
-117.963881102 33.9788252203 0.824342570621
-117.916767719 33.9566389376 0.721024432733
-117.86967851 33.9344341463 0.636496071782
-117.822613478 33.9122108908 0.436466654067
-117.775572624 33.8899692158 0.115828573136
-117.72855595 33.8677091661 -0.314822472562
-117.681563459 33.8454307863 -0.555560244156
-117.634595152 33.8231341211 -0.563523751731
-117.587651031 33.8008192151 -0.566181115587
-117.540731097 33.778486113 -0.600650846666
-117.493835351 33.7561348596 -0.668128505446
-117.446963796 33.7337654996 -0.758550231479
-117.400116431 33.7113780776 -0.818536854618
-117.353293259 33.6889726385 -0.871871023973
-117.306494279 33.6665492269 -0.912196870862
-117.259719494 33.6441078875 -0.920064710861
-119.075599609 34.5451157512 -0.265001987497
-119.027890264 34.523377477 -0.294035138662
-118.980205068 34.5016196148 -0.0381313664457
-118.932544025 34.479842209 0.401487792014
-118.884907141 34.458045304 0.736497306377
-118.83729442 34.4362289442 0.889487944032
-118.789705867 34.4143931742 0.795127994754
-118.742141487 34.3925380384 0.545647675937
-118.694601285 34.3706635812 0.413737830533
-118.647085264 34.3487698472 0.35757205281
-118.59959343 34.326856881 0.393335356299
-118.552125786 34.3049247269 0.492061585834
-118.504681997 34.2829734338 0.645062158944
-118.457262745 34.2610030377 0.80359371655
-118.409867696 34.2390135875 0.715913491064
-118.362496852 34.2170051277 0.596067833141
-118.315150218 34.1949777029 0.519094275206
-118.267827795 34.1729313578 0.165294072851
-118.220529589 34.150866137 0.159681984637
-118.173255602 34.128782085 0.517910698335
-118.126005837 34.1066792465 0.719638338663
-118.078780297 34.0845576662 0.833133202522
-118.031578984 34.0624173886 0.892112426339
-117.984401564 34.0402584612 0.874986980022
-117.937248715 34.0180809231 0.783236167875
-117.890120101 33.9958848218 0.649946245977
-117.843015725 33.973670202 0.518550002212
-117.795935588 33.9514371084 0.377360627508
-117.748879694 33.9291855858 0.177616533117
-117.701848043 33.9069156787 -0.0780200145951
-117.654840638 33.884627432 -0.245488393982
-117.60785748 33.8623208904 -0.385023396436
-117.56089857 33.8399960987 -0.513263402199
-117.513963912 33.8176531015 -0.631131966638
-117.467053504 33.7952919437 -0.743143982746
-117.42016735 33.77291267 -0.806194149423
-117.37330545 33.7505153252 -0.870837255099
-117.326467804 33.7280999541 -0.951427453722
-117.279654414 33.7056666015 -0.983808844078
-117.232865281 33.6832153121 -0.943248337578
-119.04932788 34.5846012766 -0.335369889127
-119.001601757 34.5628534101 -0.273573158217
-118.953899846 34.5410859444 -0.0918681547895
-118.906222154 34.5192989239 0.139850541034
-118.858568686 34.4974923933 0.377270625609
-118.810939445 34.4756663969 0.562817789011
-118.763334438 34.4538209793 0.623506843378
-118.715753669 34.431956185 0.656864243148
-118.668197141 34.4100720586 0.676987799015
-118.62066486 34.3881686446 0.620099472436
-118.57315683 34.3662459877 0.580337716087
-118.525673054 34.3443041323 0.475747539947
-118.478213198 34.3223431273 0.574461372214
-118.430777944 34.3003630088 0.754637339713
-118.383366956 34.2783638257 0.596791967406
-118.335980238 34.2563456228 0.20765849268
-118.288617794 34.2343084445 0.00668379886612
-118.241279626 34.2122523356 -0.0638140884989
-118.193965738 34.1901773407 0.00584517225317
-118.146676134 34.1680835046 0.271548098378
-118.099410815 34.1459708718 0.493000103985
-118.052169785 34.1238394872 0.715253952785
-118.004953047 34.1016893954 0.819827298019
-117.957760264 34.0795206437 0.771797040858
-117.910592117 34.0573332716 0.659664780495
-117.863448269 34.0351273265 0.466585182469
-117.816328722 34.0129028531 0.377755381651
-117.769233478 33.9906598963 0.386259498601
-117.722162539 33.9683985007 0.344886024463
-117.675115908 33.9461187112 0.297518560186
-117.628093586 33.9238205726 0.133244032401
-117.581095574 33.9015041296 -0.176808309328
-117.534121875 33.879169427 -0.430087972375
-117.487172488 33.8568165097 -0.685809029401
-117.440247417 33.8344454225 -0.813271060391
-117.393346662 33.8120562101 -0.810070379822
-117.346470223 33.7896489175 -0.88845269092
-117.299618102 33.7672235895 -1.01348568874
-117.2527903 33.7447802709 -1.02881645166
-117.205986817 33.7223190065 -0.922668007995
-119.023031889 34.6240795263 -0.387708233809
-118.975288982 34.6023220417 -0.348036676368
-118.927570354 34.5805449467 -0.253771817975
-118.879876009 34.5587482859 -0.110736609351
-118.832205953 34.5369321038 0.0584509589777
-118.784560189 34.5150964451 0.214756099085
-118.736938724 34.4932413542 0.390781843203
-118.689341562 34.4713668759 0.666882566504
-118.641768706 34.4494730546 0.831550471617
-118.594220161 34.427559935 0.877694406227
-118.546695932 34.4056275618 0.837166616834
-118.499196023 34.3836759796 0.654177552016
-118.451720097 34.361705237 0.598250602321
-118.404268837 34.3397153706 0.514043566304
-118.356841909 34.3177064292 0.233776099566
-118.309439315 34.2956784575 -0.0754616946867
-118.262061059 34.2736315003 -0.181042924574
-118.214707144 34.2515656021 -0.165745863743
-118.167377573 34.2294808078 -0.0921342702888
-118.120072349 34.2073771621 0.0152842688597
-118.072791475 34.1852547097 0.166982567321
-118.025534954 34.1631134954 0.397959147019
-117.978302789 34.140953564 0.51125476778
-117.931094643 34.1187749628 0.504573521907
-117.883911196 34.0965777313 0.414967195357
-117.836752112 34.074361917 0.315444558393
-117.789617394 34.0521275648 0.330497964206
-117.742507042 34.0298747195 0.423040044814
-117.695421059 34.0076034258 0.476214030347
-117.648359447 33.9853137287 0.461909181448
-117.601322207 33.9630056729 0.254210196701
-117.554309341 33.9406793033 -0.072848985204
-117.507320851 33.9183346648 -0.346831731126
-117.460356738 33.8959718023 -0.549090108558
-117.413417002 33.8735907606 -0.64559091544
-117.366501646 33.8511915845 -0.732661044376
-117.319610669 33.8287743191 -0.860747773197
-117.272744074 33.8063390091 -0.961811264969
-117.22590186 33.7838856995 -0.935667493278
-117.179084028 33.7614144352 -0.829965303101
-118.996711678 34.6635549813 -0.438691380096
-118.948951982 34.6417878529 -0.463170415671
-118.90121663 34.620001103 -0.419089472597
-118.853505626 34.5981947762 -0.306417031726
-118.805818976 34.5763689172 -0.174134588684
-118.758156684 34.5545235705 -0.0792814521148
-118.710518755 34.5326587808 0.195791808116
-118.662905193 34.5107745928 0.669043905656
-118.615316004 34.4888710511 0.886270354587
-118.56775119 34.4669482004 1.04828156578
-118.520210757 34.4450060854 1.03915578559
-118.472694708 34.4230447508 0.846089794085
-118.425202707 34.4010642453 0.627890519622
-118.377735438 34.3790646055 0.170868442733
-118.330292564 34.3570458804 -0.124155703543
-118.282874089 34.3350081146 -0.181301748914
-118.235480017 34.3129513529 -0.188230952004
-118.188110349 34.2908756401 -0.139326449657
-118.140765091 34.268781021 -0.150489819589
-118.093444243 34.2466675403 -0.26403898419
-118.046147811 34.224535243 -0.196216730148
-117.998875795 34.2023841737 0.0190409400444
-117.951628199 34.1802143774 0.136073694447
-117.904404686 34.1580259013 0.162098194481
-117.857205936 34.1358187853 0.155204854877
-117.810031613 34.1135930767 0.189677667114
-117.762881719 34.0913488204 0.286063551612
-117.715756256 34.0690860614 0.444690318933
-117.668655226 34.0468048444 0.540466115836
-117.62157863 34.0245052145 0.477111801718
-117.57452647 34.0021872165 0.269583461247
-117.527498748 33.9798508952 -0.0390569880867
-117.480495464 33.9574962957 -0.241736957065
-117.433516621 33.9351234628 -0.263475944949
-117.386562219 33.9127324415 -0.370830410717
-117.339632259 33.8903232767 -0.620854332521
-117.292726743 33.8678960134 -0.792907023218
-117.245845671 33.8454506965 -0.827473741488
-117.198989043 33.822987371 -0.771856615519
-117.152156861 33.8005060818 -0.680316631071
-118.970367076 34.70302311 -0.448097356551
-118.922590586 34.681246312 -0.461934379109
-118.874838505 34.6594498814 -0.431814531283
-118.827110839 34.6376338629 -0.373464832263
-118.779407591 34.6157983011 -0.191572658047
-118.731728767 34.5939432407 0.119182054991
-118.684074372 34.5720687265 0.460223312489
-118.636444408 34.5501748031 0.599471034996
-118.588838882 34.5282615153 0.614170947739
-118.541257797 34.5063289078 0.704067254183
-118.493701157 34.4843770254 0.67812202561
-118.446168966 34.4624059128 0.625107128916
-118.398660888 34.4404156188 0.400512538163
-118.351177606 34.4184061801 -0.00998741533589
-118.303718785 34.3963776456 -0.201447616335
-118.256284427 34.3743300601 -0.179138169408
-118.208874536 34.3522634685 -0.14880914688
-118.161489115 34.3301779156 -0.162911258056
-118.114128167 34.3080734462 -0.249396669069
-118.066791695 34.2859501052 -0.354771503369
-118.019479701 34.2638079374 -0.298975442985
-117.972192189 34.2416469878 -0.175560495076
-117.924929161 34.2194673012 -0.0780827213618
-117.87769028 34.1972689249 -0.00398708837576
-117.830476226 34.1750518989 -0.0225832010164
-117.783286664 34.1528162707 0.0139842241881
-117.736121594 34.1305620851 0.15580188371
-117.688981019 34.1082893871 0.397790830423
-117.641864941 34.0859982216 0.535125536952
-117.594773361 34.0636886337 0.490988412291
-117.54770628 34.0413606681 0.310676755501
-117.500663701 34.01901437 0.0459658899831
-117.453645625 33.9966497843 -0.0748078066366
-117.406652052 33.974266956 -0.0568496958344
-117.359682983 33.95186593 -0.204506545987
-117.312738421 33.9294467514 -0.510172025209
-117.265818365 33.9070094651 -0.704286734375
-117.218922817 33.8845541163 -0.694775810972
-117.172051776 33.8620807498 -0.605253527041
-117.125205244 33.8395894107 -0.485674682415
-118.943998122 34.7424883935 -0.407802983493
-118.896204833 34.7207019002 -0.367485972357
-118.848436018 34.6988957632 -0.348378061963
-118.800691683 34.6770700273 -0.364688628032
-118.752971832 34.6552247371 -0.0757700400691
-118.70527647 34.6333599374 0.613142744758
-118.657605601 34.611475673 0.806259641306
-118.60995923 34.5895719887 0.349331980217
-118.562337362 34.5676489292 0.135039670483
-118.51474 34.5457065393 0.0814751621997
-118.467167148 34.523744864 0.0911047553559
-118.41961881 34.5017639479 0.252245021961
-118.372094649 34.4797638397 0.161449045236
-118.324595351 34.4577445766 -0.10366381374
-118.277120577 34.4357062073 -0.19876580155
-118.229670332 34.4136487767 -0.108933878993
-118.182244618 34.3915723298 -0.0938554153607
-118.134843438 34.3694769113 -0.216945806282
-118.087466797 34.3473625662 -0.3007889873
-118.040114696 34.3252293395 -0.297091412331
-117.992787138 34.303077276 -0.263377342091
-117.945484125 34.2809064206 -0.233742182216
-117.898205661 34.2587168184 -0.185970185464
-117.850951409 34.2365085166 -0.164611265857
-117.803722048 34.2142815554 -0.207316207184
-117.756517243 34.1920359822 -0.19237766095
-117.709336994 34.169771842 -0.0186159326428
-117.662181304 34.1474891798 0.33511444674
-117.615050175 34.1251880406 0.5089655372
-117.567943608 34.1028684694 0.499498581913
-117.520861604 34.0805305113 0.37153058673
-117.473804165 34.0581742111 0.135775438755
-117.426771293 34.0357996141 0.0887796500148
-117.379762988 34.0134067652 0.15421475831
-117.332779251 33.9909957094 0.0066004757949
-117.285820084 33.9685664919 -0.381643226931
-117.238885487 33.9461191577 -0.580665616347
-117.19197546 33.9236537518 -0.496835483124
-117.145090005 33.9011703193 -0.370367469707
-117.098229122 33.8786689054 -0.219138996443
-118.917604646 34.7819463001 -0.354162687894
-118.869794553 34.7601500856 -0.287152459354
-118.822009001 34.7383342164 -0.247245176672
-118.774247993 34.7164987372 -0.192513250736
-118.726511536 34.6946436928 0.114792984434
-118.678799632 34.6727691281 0.556090498101
-118.631112288 34.6508750877 0.519681955576
-118.583449507 34.6289616167 0.161441000324
-118.535811293 34.6070287598 -0.0570142631383
-118.488197651 34.5850765619 -0.22760532786
-118.440608585 34.5631050679 -0.217283156353
-118.393044097 34.5411143226 -0.0605100687706
-118.345503852 34.5191043748 -0.0715108587743
-118.297988534 34.4970752616 -0.17751980681
-118.250497806 34.4750270319 -0.183505929487
-118.203031672 34.4529597307 -0.0996277901288
-118.155590133 34.4308734028 -0.107490287469
-118.108173194 34.4087680932 -0.205935004556
-118.060780857 34.386643847 -0.253122888843
-118.013413126 34.364500709 -0.239682918033
-117.966070002 34.3423387242 -0.228474583877
-117.918751488 34.3201579377 -0.227118101528
-117.871457587 34.2979583945 -0.22102592321
-117.824187962 34.2757401418 -0.245661418176
-117.776943294 34.2535032199 -0.25860632524
-117.729723244 34.2312476765 -0.231245650272
-117.682527816 34.2089735563 -0.0598931889273
-117.635357011 34.1866809046 0.197880184463
-117.58821083 34.1643697664 0.329085956828
-117.541089276 34.1420401867 0.378660030785
-117.493992349 34.1196922107 0.330612145035
-117.446920051 34.0973258833 0.265363535434
-117.399872383 34.0749412498 0.361289291174
-117.352849346 34.0525383551 0.507492217915
-117.305850941 34.0301172444 0.398598617842
-117.25887717 34.0076779629 0.00336841857353
-117.211928032 33.9852205555 -0.142128995804
-117.165003528 33.9627450675 -0.0331433350978
-117.118103659 33.940251544 0.101821663312
-117.071228425 33.9177400302 0.120598433611
-118.891186687 34.8214013107 -0.313463709197
-118.843359785 34.7995953494 -0.221534322859
-118.795557488 34.7777697222 -0.13416007335
-118.747779802 34.7559244741 -0.0069820909598
-118.700026732 34.7340596498 0.155538858998
-118.652298282 34.7121752942 0.178908854727
-118.604594456 34.6902714523 0.133267161352
-118.556915259 34.668348169 0.109994294909
-118.509260695 34.646405489 -0.049100324759
-118.461630768 34.6244434575 -0.316024187703
-118.414025481 34.6024621192 -0.365660730966
-118.366444839 34.5804615192 -0.246879578672
-118.318888505 34.5584417061 -0.219226034274
-118.271357163 34.5364027173 -0.219166989533
-118.223850476 34.5143446017 -0.184806947803
-118.176368447 34.4922674043 -0.118188295044
-118.12891108 34.47017117 -0.112232766993
-118.081478377 34.4480559439 -0.158051610754
-118.034070341 34.425921771 -0.183229037699
-117.986686975 34.4037686964 -0.184437646565
-117.939328281 34.381596765 -0.176089878362
-117.891994263 34.3594060219 -0.171669115841
-117.844684922 34.3371965123 -0.174679348162
-117.79739992 34.3149682833 -0.188057357652
-117.75013994 34.2927213756 -0.18726645207
-117.702904644 34.2704558365 -0.148212924536
-117.655694033 34.2481717111 -0.0516827684929
-117.60850811 34.2258690446 0.0310580308068
-117.561346875 34.2035478821 0.114389464136
-117.51421033 34.1812082687 0.21029668468
-117.467098478 34.1588502496 0.260240445231
-117.420011318 34.1364738698 0.387164904525
-117.372948852 34.1140791745 0.596722586326
-117.325911081 34.091666209 0.905910395174
-117.278898007 34.0692350183 0.838745730335
-117.231909628 34.0467856475 0.404204148042
-117.184945948 34.024318142 0.317705138296
-117.138006965 34.0018325469 0.540396022137
-117.09109268 33.9793289073 0.624774604288
-117.044203094 33.9568072685 0.416666151568
-118.864744076 34.8608488937 -0.300207523199
-118.816900359 34.8390331595 -0.20055396524
-118.769081315 34.8171977485 -0.0979176992722
-118.721286948 34.7953427055 0.0157259956117
-118.673517262 34.7734680755 0.0767751822353
-118.625772261 34.7515739034 0.0356870827945
-118.578051951 34.7296602341 0.0540868721329
-118.530356336 34.7077271126 0.0969064019917
-118.482685419 34.6857745839 -0.0093232184676
-118.435039204 34.6638026929 -0.206186467574
-118.387417695 34.6418114847 -0.261596871327
-118.339820897 34.6198010042 -0.248686245407
-118.292248471 34.5977713002 -0.240771187358
-118.244701103 34.5757224102 -0.223579504612
-118.197178455 34.553654383 -0.179011911607
-118.14968053 34.5315672638 -0.118619857845
-118.102207332 34.5094610975 -0.10290688826
-118.054758864 34.4873359293 -0.118182718748
-118.007335127 34.4651918042 -0.124584070756
-117.959936125 34.4430287674 -0.113741817948
-117.912561861 34.4208468638 -0.0918577766472
-117.865212336 34.3986461387 -0.077750984609
-117.817887554 34.3764266372 -0.0688790632154
-117.770587175 34.3541884066 -0.0729190763066
-117.723311883 34.3319314875 -0.0577059332195
-117.67606134 34.3096559274 -0.0231209304615
-117.628835546 34.2873617714 0.0256356051905
-117.581634503 34.2650490648 0.0429191560669
-117.534458214 34.2427178527 0.0930491503539
-117.48730668 34.2203681803 0.141720964076
-117.440179901 34.1980000928 0.204226237426
-117.39307788 34.1756136353 0.33679562963
-117.346000616 34.1532088531 0.530805952105
-117.298948112 34.1307857915 0.77760869235
-117.251920368 34.1083444955 0.684355618162
-117.204917384 34.0858850105 0.455225361455
-117.157939161 34.0634073816 0.493841031366
-117.1109857 34.0409116542 0.76608522087
-117.064057001 34.0183978735 0.794134758762
-117.017153064 33.9958660847 0.536050755397
-118.838276848 34.9002935298 -0.32436313162
-118.790416312 34.8784679971 -0.23334760342
-118.742580514 34.8566227765 -0.139267002353
-118.694769459 34.8347579129 -0.0463743795819
-118.646983151 34.8128734514 0.0119792299896
-118.599221595 34.790969437 0.0295503438377
-118.551484795 34.7690459146 0.074625019551
-118.503772756 34.7471029293 0.12592736462
-118.45608548 34.7251405261 0.0835099961728
-118.408422972 34.7031587501 -0.00519132573351
-118.360785237 34.6811576463 -0.082944132744
-118.313172277 34.6591372598 -0.176948715255
-118.265583754 34.6370976392 -0.203989533194
-118.218020356 34.6150388223 -0.196666987002
-118.170481742 34.5929608581 -0.15640662692
-118.122967918 34.5708637915 -0.100918526567
-118.075478885 34.5487476677 -0.0934213519503
-118.028014646 34.5266125319 -0.101096619398
-117.980575205 34.5044584291 -0.0980361504772
-117.933160564 34.4822854046 -0.0631196729267
-117.885770725 34.4600935035 -0.028348798961
-117.838405691 34.437882771 0.00385946835463
-117.791065463 34.4156532522 0.0285104132856
-117.743749705 34.3934049944 0.0339578158387
-117.696459098 34.3711380386 0.0665150017307
-117.649193303 34.3488524322 0.111133738333
-117.601952323 34.3265482203 0.146981453749
-117.55473616 34.3042254483 0.156181976915
-117.507544813 34.2818841613 0.153118282851
-117.460378286 34.2595244045 0.11302853101
-117.413236579 34.2371462234 0.11134237328
-117.366119694 34.214749663 0.137636379427
-117.319027631 34.1923347687 0.2262817631
-117.271960391 34.1699015857 0.298427327551
-117.224917975 34.1474501593 0.258351465781
-117.177900383 34.1249805349 0.234744925158
-117.130907617 34.1024927576 0.374968344273
-117.083939676 34.0799868728 0.7133792938
-117.036996561 34.0574629258 0.743400007518
-116.990078272 34.0349209619 0.455695162284
-118.811784836 34.9397306873 -0.384627359419
-118.763907477 34.91789533 -0.334697694494
-118.716054922 34.8960402738 -0.260452890262
-118.668227177 34.8741655638 -0.148907830118
-118.620424244 34.8522712449 -0.0634904878745
-118.57264613 34.8303573623 -0.00340057974204
-118.524892837 34.808423961 0.0602050372302
-118.47716437 34.7864710861 0.120394493027
-118.429460734 34.7644987826 0.108425856964
-118.381781931 34.7425070958 0.0543124263053
-118.334127966 34.7204960706 -0.0354472801689
-118.286498842 34.6984657523 -0.12183059426
-118.238894222 34.6764161894 -0.14201068627
-118.19131479 34.6543474201 -0.115601157369
-118.14376021 34.632259493 -0.0826763716812
-118.096230483 34.6101524535 -0.0870214713077
-118.048725614 34.5880263465 -0.120635942132
-118.001245604 34.5658812175 -0.149566745755
-117.953790457 34.5437171115 -0.160370585226
-117.906360175 34.5215340737 -0.132293993674
-117.858954761 34.4993321495 -0.102084487533
-117.811574216 34.477111384 -0.0496253133422
-117.764218543 34.4548718224 -0.00960693576557
-117.716887404 34.4326135121 0.0390732400807
-117.66958148 34.4103364941 0.0952706439422
-117.622300435 34.3880408159 0.158811904246
-117.575044269 34.3657265227 0.192552184811
-117.527812983 34.3433936598 0.19624035704
-117.48060658 34.3210422726 0.154590916842
-117.43342506 34.2986724062 0.0761225949163
-117.386268425 34.2762841061 0.021659933834
-117.339136676 34.2538774175 -0.0169397209112
-117.292029813 34.2314523858 -0.00653369763935
-117.244947838 34.2090090563 -0.0156669671361
-117.197890751 34.1865474743 -0.0254607247513
-117.150858553 34.1640676852 -0.00439338193879
-117.103851244 34.1415697343 0.135815342794
-117.056868824 34.119053667 0.354562380541
-117.009911294 34.0965195286 0.343412170963
-116.962978654 34.0739673645 0.206429300482
-118.785268074 34.979164847 -0.458716899464
-118.737373886 34.9573196393 -0.469063467703
-118.689504569 34.9354547218 -0.398548365341
-118.641660126 34.9135701395 -0.246139003993
-118.593840564 34.8916659375 -0.136969138701
-118.546045885 34.8697421609 -0.0605008433929
-118.498276094 34.8477988549 0.0127942714079
-118.450531195 34.8258360646 0.0775138245697
-118.402811193 34.8038538352 0.0777355965095
-118.35511609 34.7818522118 0.0177162363231
-118.30744589 34.7598312396 -0.0492926296679
-118.259800598 34.7377909638 -0.0953892938879
-118.212179874 34.7157314331 -0.0858977843902
-118.164584406 34.6936526856 -0.0117947713469
-118.117013854 34.6715547702 -0.00742411815489
-118.069468221 34.649437732 -0.10048678037
-118.021947511 34.6273016164 -0.176273142031
-117.974451727 34.6051464685 -0.24099962525
-117.92698087 34.5829723337 -0.27069842971
-117.879534944 34.5607792573 -0.269310424084
-117.83211395 34.5385672844 -0.23930509217
-117.784717891 34.5163364604 -0.177604086968
-117.737346769 34.4940868306 -0.110478814894
-117.690000246 34.4718184423 -0.0201002619503
-117.642679004 34.4495313368 0.0608577125178
-117.595382704 34.4272255614 0.13921547755
-117.548111349 34.4049011615 0.176997406255
-117.500864939 34.3825581825 0.174047876784
-117.453643476 34.3601966696 0.121078335299
-117.406446961 34.3378166683 0.026916964388
-117.359275396 34.315418224 -0.050757941815
-117.31212878 34.2930013819 -0.108152695978
-117.265007116 34.2705661876 -0.145131920093
-117.217910404 34.2481126863 -0.18159497239
-117.170838644 34.2256409235 -0.208212346429
-117.123791837 34.2031509445 -0.218175205243
-117.076769984 34.1806427948 -0.174205645286
-117.029773084 34.1581165198 -0.158656796502
-116.982801138 34.135572165 -0.144277232211
-116.935854145 34.1130097756 -0.0735525854413
-118.758726398 35.0185914768 -0.503930006272
-118.710815377 34.9967363928 -0.507483913521
-118.662929294 34.9748615879 -0.428427887095
-118.615068152 34.9529671074 -0.299291529645
-118.567231955 34.9310529963 -0.19320228752
-118.51942071 34.9091192999 -0.111225425804
-118.471634418 34.8871660633 -0.0380429702425
-118.423873085 34.8651933318 0.0162655623075
-118.376136713 34.8432011505 0.0179769815604
-118.328425308 34.8211895648 -0.0211140378636
-118.280738872 34.7991586198 -0.0592581524345
-118.233077409 34.7771083608 -0.0779278338777
-118.18544058 34.7550388363 -0.0544822272917
-118.137829073 34.732950085 -0.00508686587536
-118.090242548 34.7108421554 -0.0357362562315
-118.042681008 34.688715093 -0.130220932465
-117.995144456 34.666568943 -0.214054188445
-117.947632895 34.6444037507 -0.285518923722
-117.900146327 34.6222195615 -0.318930541434
-117.852684755 34.6000164207 -0.327623197031
-117.805248181 34.5777943737 -0.294469447555
-117.757836608 34.5555534657 -0.237806331352
-117.710450036 34.5332937422 -0.158765807549
-117.663088128 34.5110152503 -0.0680112593128
-117.615751567 34.4887180317 0.0156165097475
-117.568440013 34.4664021337 0.0855428557999
-117.521153468 34.4440676016 0.115331336973
-117.473891934 34.421714481 0.106759997542
-117.426655411 34.3993428172 0.0501025222159
-117.379443902 34.3769526556 -0.035479007234
-117.332257406 34.3545440417 -0.114607171281
-117.285095925 34.3321170208 -0.18175325055
-117.23795946 34.3096716385 -0.237476024464
-117.190848011 34.2872079402 -0.288878695073
-117.14376158 34.2647259713 -0.331181074434
-117.096700165 34.2422257772 -0.368196578266
-117.049663768 34.2197074036 -0.380680812921
-117.002652389 34.1971708957 -0.411172534582
-116.955666028 34.1746162992 -0.356211004646
-116.908704685 34.1520436595 -0.259092405581
